0
0000000000000000000000000000000000000000000000000000000000000000000000000000000000000000000000000000000000000000000000001111110000000000000000000001100001100000000000000000000100000011000000000000000000010000000110000000000000000011000000001100000000000000001000000000010000000000000000100000000001100000000000000010000000000010000000000000001000000000001000000000000000100000000000100000000000000010000000000010000000000000001000000000001000000000000000100000000000100000000000000010000000000010000000000000001000000000001000000000000000110000000001100000000000000001100000000100000000000000000111000000110000000000000000000111001110000000000000000000000111100000000000000000000000000000000000000000000000000000000000000000000000000000000000000000000000000000000000000000000000000000
0
0000000000000000000000000000000000000000000000000000000000000000000000000000000000000000000000001110000000000000000000000111111100000000000000000000110001100000000000000000000110000011000000000000000000110000000110000000000000000010000000001100000000000000001000000000010000000000000001000000000000100000000000000100000000000010000000000000010000000000001000000000000001000000000000100000000000000100000000000010000000000000011000000000001000000000000000100000000000100000000000000010000000000110000000000000000100000000010000000000000000011000000010000000000000000000110000111000000000000000000001111110000000000000000000000000000000000000000000000000000000000000000000000000000000000000000000000000000000000000000000000000000000000000000000000000000000000000000000000000000000000000
0
0000000000000000000000000000000000000000000000000000000000000000000000000000000000000000000000000000000000000000000000000000111000000000000000000000001110111000000000000000000001100000110000000000000000001100000001000000000000000001100000000110000000000000000100000000001000000000000000010000000000100000000000000011000000000010000000000000001000000000001000000000000000100000000000100000000000000010000000000010000000000000001000000000001000000000000000110000000000100000000000000001000000000010000000000000000110000000011000000000000000001100000011000000000000000000011100011000000000000000000000011111000000000000000000000000000000000000000000000000000000000000000000000000000000000000000000000000000000000000000000000000000000000000000000000000000000000000000000000000000000000000
0
0000000000000000000000000000000000000000000000000000000000000000000000000000000000000000000000000000000000000000000000000001111000000000000000000000001100010000000000000000000001100001100000000000000000001100000011000000000000000001100000000100000000000000000100000000011000000000000000010000000000100000000000000011000000000010000000000000001000000000001000000000000000100000000000100000000000000010000000000010000000000000001000000000001000000000000000100000000000100000000000000011000000000010000000000000000100000000011000000000000000011000000001000000000000000000110000001100000000000000000001100001100000000000000000000011111100000000000000000000000000000000000000000000000000000000000000000000000000000000000000000000000000000000000000000000000000000000000000000000000000000000
0
0000000000000000000000000000000000000000000000000000000000000000000000000000000000000000000000000000000000000000000000000000111100000000000000000000001110011000000000000000000001100000110000000000000000001100000001100000000000000000100000000010000000000000000110000000001100000000000000010000000000010000000000000001000000000001000000000000001100000000000100000000000000100000000000010000000000000010000000000001000000000000001000000000000100000000000000100000000000010000000000000010000000000001000000000000001100000000001000000000000000010000000001100000000000000001000000000100000000000000000110000000110000000000000000001100000110000000000000000000011111110000000000000000000000000000000000000000000000000000000000000000000000000000000000000000000000000000000000000000000000000000
0
0000000000000000000000000000000000000000000000000000000000000000000000000000000000000000000000001110000000000000000000000111111111000000000000000001110000000100000000000000000100000000010000000000000000110000000001100000000000000010000000000010000000000000011000000000001000000000000001000000000000100000000000000100000000000010000000000000010000000000001000000000000001000000000000100000000000000100000000000010000000000000010000000000001000000000000001000000000001100000000000000100000000000100000000000000010000000000110000000000000001100000000010000000000000000010000000010000000000000000001100000110000000000000000000011111110000000000000000000000011000000000000000000000000000000000000000000000000000000000000000000000000000000000000000000000000000000000000000000000000000000000
0
0000000000000000000000000000000000000000000000000000000000000000000000000000000000000000000000011110000000000000000000000011101110000000000000000000011000001100000000000000000011000000010000000000000000011000000001100000000000000001000000000010000000000000001100000000001000000000000000100000000000110000000000000010000000000001000000000000011000000000000100000000000001000000000000010000000000000100000000000001000000000000010000000000000100000000000001000000000000110000000000000100000000000010000000000000010000000000001000000000000001000000000001100000000000000110000000001100000000000000001000000001100000000000000000011000001100000000000000000000111111100000000000000000000000000000000000000000000000000000000000000000000000000000000000000000000000000000000000000000000000000000
0
0000000000000000000000000000000000000000000000000000000000000000000000000000000000000000000000011100000000000000000000000011011110000000000000000000011000001100000000000000000010000000011000000000000000011000000000100000000000000011000000000011000000000000001000000000000100000000000000100000000000010000000000000010000000000001000000000000011000000000000100000000000001100000000000010000000000000100000000000001000000000000010000000000000100000000000001100000000000110000000000000010000000000010000000000000001000000000011000000000000000100000000011000000000000000011000000011000000000000000000100000011000000000000000000001101110000000000000000000000011100000000000000000000000000000000000000000000000000000000000000000000000000000000000000000000000000000000000000000000000000000000
0
0000000000000000000000000000000000000000000000000000000000000000000000000000000000000000000000001111110000000000000000000001100001100000000000000000011000000011000000000000000011000000000100000000000000001000000000010000000000000001100000000001000000000000000100000000000110000000000000110000000000001000000000000010000000000000100000000000001000000000000010000000000000100000000000001000000000000010000000000000100000000000011000000000000010000000000001000000000000011000000000000100000000000001000000000000010000000000001100000000000001100000000000100000000000000010000000000100000000000000001000000000100000000000000000110000001100000000000000000001110111100000000000000000000001111000000000000000000000000000000000000000000000000000000000000000000000000000000000000000000000000000
0
0000000000000000000000000000000000000000000000000000000000000000000001100000000000000000000000111100000000000000000000000110111110000000000000000000110000001110000000000000000110000000001000000000000000010000000000110000000000000010000000000001000000000000001000000000000100000000000000100000000000010000000000000110000000000001000000000000010000000000000100000000000001000000000000010000000000000100000000000001000000000000010000000000000100000000000001000000000000010000000000000100000000000001000000000000010000000000001000000000000000100000000000100000000000000010000000000110000000000000001000000000110000000000000000110000000110000000000000000001100001110000000000000000000011111100000000000000000000000000000000000000000000000000000000000000000000000000000000000000000000000000
0
0000000000000000000000000000000000000000000000000000000000000000000011000000000000000000000000111000000000000000000000000110111110000000000000000001110000001100000000000000000100000000011000000000000000110000000000110000000000000110000000000001000000000000010000000000000110000000000001000000000000001000000000000100000000000000100000000000110000000000000011000000000010000000000000000100000000001000000000000000010000000000100000000000000011000000000010000000000000001000000000001000000000000000100000000000110000000000000010000000000001000000000000010000000000000100000000000011000000000000011000000000011000000000000000110000000011000000000000000001100000011000000000000000000011100111000000000000000000000011110000000000000000000000000000000000000000000000000000000000000000000000
0
0000000000000000000000000000000000000000000000000000000000000000000000000000000000000000000000011110000000000000000000000011011100000000000000000000011000001100000000000000000011000000010000000000000000011000000001000000000000000011000000000110000000000000001000000000001000000000000000100000000000100000000000000110000000000010000000000000010000000000001000000000000001000000000000100000000000000100000000000010000000000000010000000000001000000000000001000000000000100000000000000110000000000110000000000000001000000000010000000000000000100000000011000000000000000011000000011000000000000000000100000011000000000000000000011000011000000000000000000000111111000000000000000000000000000000000000000000000000000000000000000000000000000000000000000000000000000000000000000000000000000000
0
0000000000000000000000000000000000000000000000000000000000000000000000000000000000000000000000011110000000000000000000000001101111000000000000000000001100000110000000000000000001100000001000000000000000000100000000100000000000000000110000000011000000000000000110000000000100000000000000010000000000010000000000000001000000000001000000000000001100000000000100000000000000100000000000010000000000000010000000000011000000000000001000000000001000000000000000100000000000100000000000000011000000000110000000000000000100000000010000000000000000011000000011000000000000000000110000111000000000000000000001111111000000000000000000000000000000000000000000000000000000000000000000000000000000000000000000000000000000000000000000000000000000000000000000000000000000000000000000000000000000000000
0
0000000000000000000000000000000000000000000000000000000000000000000000000000000000000000000000001110000000000000000000000011111000000000000000000000011000111000000000000000000110000000110000000000000000010000000001100000000000000011000000000010000000000000001000000000001000000000000001100000000000100000000000000100000000000010000000000000010000000000001000000000000001000000000000100000000000000100000000000010000000000000010000000000001000000000000001000000000000100000000000000100000000000010000000000000010000000000011000000000000001000000000001000000000000000110000000001100000000000000001000000011100000000000000000111000111000000000000000000000111100000000000000000000000000000000000000000000000000000000000000000000000000000000000000000000000000000000000000000000000000000000
0
0000000000000000000000000000000000000000000000000000000000000000000001110000000000000000000001111101110000000000000000001100000001100000000000000001100000000010000000000000001100000000001100000000000000100000000000010000000000000110000000000001100000000000010000000000000010000000000001000000000000001000000000000100000000000000100000000000010000000000000010000000000001000000000000001000000000000100000000000001100000000000010000000000000100000000000001000000000000010000000000000100000000000011000000000000011000000000001000000000000000100000000001100000000000000011000000000100000000000000000111000001110000000000000000000111111100000000000000000000000000000000000000000000000000000000000000000000000000000000000000000000000000000000000000000000000000000000000000000000000000000000
0
0000000000000000000000000000000000000000000000000000000000000000000111100000000000000000000001110011000000000000000000001100000110000000000000000001100000001000000000000000001100000000110000000000000000100000000001000000000000000110000000000100000000000000010000000000011000000000000001000000000000100000000000001100000000000010000000000000100000000000001000000000000010000000000000100000000000001100000000000110000000000000010000000000010000000000000001000000000001000000000000000100000000000100000000000000010000000000010000000000000000100000000011000000000000000011000000001000000000000000000100000001000000000000000000011100011100000000000000000000011111000000000000000000000000000000000000000000000000000000000000000000000000000000000000000000000000000000000000000000000000000000
0
0000000000000000000000000000000000000000000000000000000000000000000111000000000000000000000000111111000000000000000000000110000110000000000000000000110000001100000000000000000010000000010000000000000000011000000001100000000000000001000000000010000000000000000100000000001100000000000000110000000000010000000000000010000000000001000000000000001000000000000100000000000000100000000000010000000000000011000000000001000000000000000100000000000100000000000000010000000000110000000000000001000000000010000000000000000110000000001000000000000000001100000001000000000000000000010000001100000000000000000001110011100000000000000000000001111000000000000000000000000000000000000000000000000000000000000000000000000000000000000000000000000000000000000000000000000000000000000000000000000000000000
0
0000000000000000000000000000000000000000000000000000000000000000000011000000000000000000000000011000000000000000000000000011011100000000000000000000110000011000000000000000000010000000100000000000000000010000000011000000000000000011000000000100000000000000001000000000010000000000000001100000000001100000000000000100000000000010000000000000010000000000001000000000000001000000000000100000000000000100000000000010000000000000010000000000001000000000000001000000000000100000000000000100000000000110000000000000010000000000010000000000000001000000000001000000000000000110000000001100000000000000001100000001100000000000000000110000001100000000000000000001110001100000000000000000000001111100000000000000000000000000000000000000000000000000000000000000000000000000000000000000000000000000
0
0000000000000000000000000000000000000000000000000000000000000000000001000000000000000000000000011111000000000000000000000011000110000000000000000000011000001100000000000000000011000000010000000000000000011000000001100000000000000011000000000010000000000000001000000000001000000000000001100000000000100000000000000100000000000010000000000000010000000000001100000000000001000000000000010000000000000100000000000001000000000000010000000000001100000000000001000000000000100000000000000100000000000010000000000000011000000000011000000000000000100000000011000000000000000011000000011000000000000000000110000011000000000000000000001101111000000000000000000000011110000000000000000000000000000000000000000000000000000000000000000000000000000000000000000000000000000000000000000000000000000000
0
0000000000000000000000000000000000000000000000000000000000000000000000000000000000000000000000011110000000000000000000000011110000000000000000000000011001110000000000000000000011000001100000000000000000001000000011000000000000000001100000000100000000000000000100000000011000000000000000110000000000100000000000000010000000000010000000000000001000000000001000000000000000100000000000100000000000000010000000000010000000000000001000000000001000000000000000100000000001100000000000000010000000000100000000000000001000000000010000000000000000110000000001000000000000000001000000001000000000000000000111100011100000000000000000000011111000000000000000000000000000000000000000000000000000000000000000000000000000000000000000000000000000000000000000000000000000000000000000000000000000000000
0
0000000000000000000000000000000000000000000000000000000000000000000000000000000000000000000000000111000000000000000000000111111110000000000000000001100000001100000000000000001100000000011000000000000001100000000000100000000000000100000000000010000000000000110000000000001100000000000010000000000000010000000000001000000000000001000000000000100000000000000100000000000010000000000000010000000000001000000000000001000000000000100000000000000100000000000010000000000000010000000000001000000000000001000000000000100000000000001000000000000011000000000000100000000000000100000000000110000000000000011000000000110000000000000000110000001110000000000000000001111111100000000000000000000000000000000000000000000000000000000000000000000000000000000000000000000000000000000000000000000000000000
0
0000000000000000000000000000000000000000000000000000000000000000000000000000000000000000000000011110000000000000000000000011011100000000000000000000011000011100000000000000000011000000010000000000000000001000000001100000000000000001100000000010000000000000001100000000001000000000000000100000000000100000000000000010000000000010000000000000001000000000001000000000000000100000000000100000000000000010000000000010000000000000001000000000001000000000000000100000000000100000000000000010000000000110000000000000001000000000010000000000000000110000000011000000000000000001000000011000000000000000000110000011000000000000000000001100011000000000000000000000011111000000000000000000000000000000000000000000000000000000000000000000000000000000000000000000000000000000000000000000000000000000
0
0000000000000000000000000000000000000000000000000000000000000000000000000000000000000000000000000000000000000000000000000001111000000000000000000000001100011000000000000000000001100000110000000000000000001100000001100000000000000001100000000010000000000000000100000000000100000000000000110000000000010000000000000010000000000001000000000000001000000000000100000000000000100000000000010000000000000010000000000001000000000000001000000000000100000000000000100000000000110000000000000010000000000010000000000000001000000000011000000000000000110000000011000000000000000001000000001000000000000000000110000001100000000000000000001100011100000000000000000000011111000000000000000000000000000000000000000000000000000000000000000000000000000000000000000000000000000000000000000000000000000000
0
0000000000000000000000000000000000000000000000000000000000000000000000000000000000000000000000000000000000000000000000000000011110000000000000000000000011001110000000000000000000011000001000000000000000000011000000110000000000000000011000000001000000000000000001000000000010000000000000001100000000001000000000000000100000000000100000000000000010000000000010000000000000001000000000001000000000000000100000000000100000000000000110000000000110000000000000001000000000010000000000000000100000000011000000000000000010000000001000000000000000001000000001100000000000000000110000000100000000000000000001000000110000000000000000000111000110000000000000000000000111110000000000000000000000000000000000000000000000000000000000000000000000000000000000000000000000000000000000000000000000000000
0
0000000000000000000000000000000000000000000000000000000000000000000000000000000000000000000000000111000000000000000000000011111111000000000000000000110000000110000000000000000110000000001100000000000000010000000000011000000000000011000000000000100000000000001000000000000010000000000000100000000000001000000000000100000000000000010000000000010000000000000001000000000001000000000000000100000000000100000000000000010000000000010000000000000001000000000001000000000000001100000000000100000000000000100000000000011000000000000010000000000000100000000000011000000000000011000000000011000000000000000110000000011000000000000000001110000011000000000000000000001111110000000000000000000000000000000000000000000000000000000000000000000000000000000000000000000000000000000000000000000000000000
0
0000000000000000000000000000000000000000000000000000000000000000000000000000000000000000000000000111000000000000000000000000111100000000000000000000000110011100000000000000000001110000010000000000000000000100000000100000000000000000110000000011000000000000000010000000000100000000000000010000000000010000000000000001000000000001000000000000000100000000000100000000000000010000000000010000000000000001000000000011000000000000000100000000001100000000000000010000000000100000000000000001000000000110000000000000000100000000010000000000000000011000000011000000000000000000100000011000000000000000000010000011000000000000000000000100011000000000000000000000011111000000000000000000000000010000000000000000000000000000000000000000000000000000000000000000000000000000000000000000000000000000
0
0000000000000000000000000000000000000000000000000000000000000000000000000000000000000000000000000111100000000000000000000001110011100000000000000000011100000010000000000000000011000000001100000000000000011000000000010000000000000001000000000001000000000000000100000000000100000000000000110000000000010000000000000010000000000001000000000000001000000000000100000000000000100000000000010000000000000010000000000001000000000000001000000000001100000000000000100000000000100000000000000011000000000110000000000000000100000000010000000000000000010000000011000000000000000001100000011000000000000000000011000011000000000000000000000110011000000000000000000000001111000000000000000000000000000000000000000000000000000000000000000000000000000000000000000000000000000000000000000000000000000000
0
0000000000000000000000000000000000000000000000000000000000000000000000000000000000000000000000000000000000000000000000000011111100000000000000000000011000011100000000000000000001000000011000000000000000001000000000100000000000000001100000000010000000000000000100000000001100000000000000100000000000010000000000000010000000000001000000000000010000000000000100000000000001000000000000010000000000000100000000000001000000000000010000000000000100000000000011000000000000110000000000000100000000000010000000000000010000000000001000000000000001000000000001100000000000000100000000000100000000000000011000000000110000000000000000100000000110000000000000000011000000110000000000000000000111001110000000000000000000000111100000000000000000000000000000000000000000000000000000000000000000000000
0
0000000000000000000000000000000000000000000000000000000000000000000000110000000000000000000000011111100000000000000000000011000011000000000000000000001000000010000000000000000001100000001100000000000000000100000000010000000000000000100000000001000000000000000010000000000110000000000000011000000000001000000000000001000000000000100000000000000100000000000010000000000000010000000000001000000000000001000000000000100000000000000100000000000110000000000000010000000000010000000000000001000000000001000000000000000100000000001100000000000000011000000000100000000000000000100000000110000000000000000011000000110000000000000000000111000110000000000000000000000111110000000000000000000000000000000000000000000000000000000000000000000000000000000000000000000000000000000000000000000000000000
0
0000000000000000000000000000000000000000000000000000000000000000000000000000000000000000000000000000000000000000000000000001111110000000000000000000001100011000000000000000000001000000111000000000000000001000000000100000000000000001100000000010000000000000000100000000001000000000000000100000000000010000000000000010000000000001000000000000011000000000000100000000000001000000000000010000000000000100000000000001000000000000010000000000000100000000000001000000000000100000000000000100000000000010000000000000011000000000001000000000000000100000000001100000000000000011000000001100000000000000000110000000100000000000000000001110001110000000000000000000001111100000000000000000000000000000000000000000000000000000000000000000000000000000000000000000000000000000000000000000000000000000
0
0000000000000000000000000000000000000000000000000000000000000000000000000000000000000000000000000000000000000000000000000000111100000000000000000000011110011100000000000000000011000000111000000000000000001000000000100000000000000001100000000001000000000000000100000000000100000000000000110000000000010000000000000010000000000001000000000000001000000000000100000000000000100000000000010000000000000110000000000001000000000000011000000000000100000000000000100000000000010000000000000010000000000010000000000000001000000000001000000000000000100000000001100000000000000010000000000100000000000000001100000000110000000000000000011000000110000000000000000000111001110000000000000000000000111100000000000000000000000000000000000000000000000000000000000000000000000000000000000000000000000000
0
0000000000000000000000000000000000000000000000000000000000000000000000000000000000000000000000000000000000000000000000000000001000000000000000000000000111111000000000000000000001100000110000000000000000001100000001100000000000000000100000000010000000000000000010000000001000000000000000010000000000100000000000000001000000000010000000000000001100000000001000000000000000100000000000100000000000000010000000000010000000000000001000000000001000000000000000100000000000100000000000000010000000000010000000000000001000000000001000000000000000100000000001100000000000000011000000000100000000000000000100000000110000000000000000011000001110000000000000000000111011110000000000000000000000111000000000000000000000000000000000000000000000000000000000000000000000000000000000000000000000000000
0
0000000000000000000000000000000000000000000000000000000000000000000000000000000000000000000000011111100000000000000000000011000111100000000000000000011000000011000000000000000011000000000100000000000000001000000000010000000000000001100000000001100000000000000100000000000010000000000000010000000000001000000000000001000000000000100000000000000100000000000010000000000000010000000000001000000000000001000000000000100000000000000100000000000110000000000000011000000000010000000000000000100000000001000000000000000011000000001100000000000000000110000001100000000000000000001100000100000000000000000000011001110000000000000000000000111100000000000000000000000000000000000000000000000000000000000000000000000000000000000000000000000000000000000000000000000000000000000000000000000000000000
0
0000000000000000000000000000000000000000000000000000000000000000000000000000000000000000000000000111100000000000000000000001110011000000000000000000001100000110000000000000000001100000001100000000000000001100000000010000000000000000100000000001100000000000000110000000000010000000000000010000000000001000000000000001000000000000100000000000000100000000000010000000000000110000000000001000000000000011000000000000100000000000001100000000000010000000000000010000000000011000000000000001000000000001000000000000000110000000000100000000000000001000000000100000000000000000110000000110000000000000000001100000110000000000000000000011101110000000000000000000000001100000000000000000000000000000000000000000000000000000000000000000000000000000000000000000000000000000000000000000000000000000
0
0000000000000000000000000000000000000000000000000000000000000000000000010000000000000000000000011111100000000000000000000011000011000000000000000000011000000100000000000000000001000000011000000000000000001100000000100000000000000000100000000010000000000000000110000000001100000000000000010000000000010000000000000001000000000001000000000000000100000000000100000000000000110000000000010000000000000001000000000001000000000000000100000000001100000000000000010000000000100000000000000001000000000110000000000000000110000000010000000000000000001000000011000000000000000000011000011000000000000000000000111111000000000000000000000000110000000000000000000000000000000000000000000000000000000000000000000000000000000000000000000000000000000000000000000000000000000000000000000000000000000000
0
0000000000000000000000000000000000000000000000000000000000000000000000000000000000000000000000011111100000000000000000000011000011000000000000000000011000000100000000000000000011000000001000000000000000011000000000110000000000000001000000000001000000000000001100000000000100000000000000100000000000010000000000000010000000000001000000000000011000000000000100000000000001000000000000010000000000000110000000000001000000000000001000000000000100000000000000100000000000010000000000000010000000000010000000000000001100000000001000000000000000011000000001100000000000000000110000001100000000000000000001110001100000000000000000000011111100000000000000000000000000000000000000000000000000000000000000000000000000000000000000000000000000000000000000000000000000000000000000000000000000000000
0
0000000000000000000000000000000000000000000000000000000000000000000001110000000000000000000000011111000000000000000000000111000100000000000000000000110000011000000000000000000110000000100000000000000000110000000011000000000000000010000000000100000000000000011000000000010000000000000001000000000001000000000000000100000000000100000000000000010000000000010000000000000001000000000001100000000000000100000000000110000000000000010000000000010000000000000001000000000001000000000000000100000000000100000000000000010000000000010000000000000001100000000010000000000000000010000000011000000000000000001100000011000000000000000000011111111000000000000000000000000000000000000000000000000000000000000000000000000000000000000000000000000000000000000000000000000000000000000000000000000000000000
0
0000000000000000000000000000000000000000000000000000000000000000000110000000000000000000000000011111000000000000000000000000110110000000000000000000000110001100000000000000000000110000011000000000000000000010000000110000000000000000011000000001100000000000000001000000000010000000000000001100000000001000000000000000100000000000110000000000000010000000000001000000000000001000000000000100000000000000100000000000010000000000000010000000000001000000000000001000000000000100000000000000100000000000010000000000000010000000000011000000000000001100000000001000000000000000010000000001100000000000000001100000000110000000000000000011000000110000000000000000000110000110000000000000000000001111110000000000000000000000000100000000000000000000000000000000000000000000000000000000000000000000
0
0000000000000000000000000000000000000000000000000000000000000000000000000000000000000000000000011110000000000000000000000011011000000000000000000000011000010000000000000000000011000000100000000000000000011000000011000000000000000001000000000100000000000000001100000000011000000000000000100000000000100000000000000010000000000010000000000000001000000000001000000000000001100000000000100000000000000100000000000010000000000000010000000000001000000000000001000000000000100000000000000100000000000110000000000000010000000000010000000000000001100000000001000000000000000010000000001100000000000000001000000001100000000000000000110000001100000000000000000001100001100000000000000000000011111100000000000000000000000000000000000000000000000000000000000000000000000000000000000000000000000000
0
0000000000000000000000000000000000000000000000000000000000000000000000100000000000000000000000011111000000000000000000000011000110000000000000000000011000001000000000000000000011000000110000000000000000011000000001100000000000000001000000000010000000000000000100000000001000000000000000110000000000100000000000000010000000000010000000000000001000000000001100000000000000100000000000110000000000000010000000000010000000000000001000000000001000000000000000100000000000100000000000000010000000000010000000000000001000000000011000000000000000100000000001000000000000000011000000001100000000000000000100000011100000000000000000001100111000000000000000000000011110000000000000000000000000000000000000000000000000000000000000000000000000000000000000000000000000000000000000000000000000000000
0
0000000000000000000000000000000000000000000000000000000000000000000000000000000000000000000000000111100000000000000000000001110110000000000000000000001100001100000000000000000000100000011000000000000000000110000000110000000000000000010000000001100000000000000001000000000010000000000000001100000000001100000000000000100000000000010000000000000010000000000001000000000000001000000000000100000000000000100000000000010000000000000010000000000001000000000000001000000000001100000000000000100000000000100000000000000010000000000110000000000000001000000000010000000000000000110000000011000000000000000001000000001000000000000000000010000001100000000000000000001110011100000000000000000000001111000000000000000000000000000000000000000000000000000000000000000000000000000000000000000000000000
0
0000000000000000000000000000000000000000000000000000000000000000000000000000000000000000000000001111100000000000000000000011101110000000000000000000011000001100000000000000000001000000010000000000000000001000000001000000000000000000100000000110000000000000000110000000001000000000000000010000000000100000000000000001000000000010000000000000000100000000001000000000000000010000000000100000000000000001000000000010000000000000000100000000011000000000000000010000000001000000000000000001000000000100000000000000000100000000100000000000000000011000000110000000000000000000100000110000000000000000000001101110000000000000000000000011100000000000000000000000000000000000000000000000000000000000000000000000000000000000000000000000000000000000000000000000000000000000000000000000000000000000
0
0000000000000000000000000000000000000000000000000000000000000000000000000000000000000000000000011111000000000000000000000011000100000000000000000000011000011000000000000000000011000000110000000000000000001000000001000000000000000001100000000110000000000000000100000000001000000000000000010000000000100000000000000001000000000010000000000000001100000000001000000000000000110000000000100000000000000011000000000010000000000000001100000000001000000000000000010000000000100000000000000001000000000010000000000000000100000000011000000000000000010000000001000000000000000001100000001100000000000000000011000001100000000000000000000111111100000000000000000000000110000000000000000000000000000000000000000000000000000000000000000000000000000000000000000000000000000000000000000000000000000000
0
0000000000000000000000000000000000000000000000000000000000000000000000000000000000000000000000001111000000000000000000000011111110000000000000000000011000001100000000000000000011000000011000000000000000001000000000100000000000000001100000000011000000000000000100000000000100000000000000010000000000011000000000000010000000000000100000000000001000000000000010000000000000100000000000001000000000000010000000000000100000000000001000000000000010000000000000110000000000001000000000000001000000000001000000000000000100000000000100000000000000011000000000110000000000000000110000000110000000000000000001100000010000000000000000000011000110000000000000000000000111110000000000000000000000000000000000000000000000000000000000000000000000000000000000000000000000000000000000000000000000000000
0
0000000000000000000000000000000000000000000000000000000000000000000000000000000000000000000000011111100000000000000000000011011000000000000000000000011000110000000000000000000011000001100000000000000000001000000010000000000000000001100000001000000000000000000100000000110000000000000000010000000001000000000000000011000000000100000000000000001000000000010000000000000000100000000011000000000000000010000000001000000000000000001000000000100000000000000000100000000010000000000000000010000000001000000000000000001000000000100000000000000000100000000110000000000000000011000000010000000000000000000100000011000000000000000000011100111000000000000000000000011110000000000000000000000000000000000000000000000000000000000000000000000000000000000000000000000000000000000000000000000000000000
0
0000000000000000000000000000000000000000000000000000000000000000000000000000000000000000000000001111000000000000000000000011100000000000000000000000011100110000000000000000000001000001100000000000000000001000000011000000000000000001100000000100000000000000000100000000011000000000000000010000000000100000000000000001000000000010000000000000001100000000001100000000000000100000000000010000000000000010000000000001000000000000001000000000000100000000000000100000000000010000000000000010000000000011000000000000001100000000001000000000000000010000000000100000000000000001000000000100000000000000000110000000110000000000000000001100001100000000000000000000011111000000000000000000000000110000000000000000000000000000000000000000000000000000000000000000000000000000000000000000000000000000
0
0000000000000000000000000000000000000000000000000000000000000000000000000000000000000000000000111111000000000000000000000110001110000000000000000000110000001100000000000000000110000000010000000000000000110000000001100000000000000010000000000010000000000000001000000000001000000000000001100000000000100000000000000100000000000001000000000000010000000000000100000000000001000000000000010000000000000100000000000001000000000000010000000000000100000000000001000000000000010000000000000100000000000010000000000000010000000000001000000000000001100000000001100000000000000010000000001100000000000000001100000001100000000000000000011000001100000000000000000000111111100000000000000000000000000000000000000000000000000000000000000000000000000000000000000000000000000000000000000000000000000000
0
0000000000000000000000000000000000000000000000000000000000000000000000000000000000000000000000001111000000000000000000000001111000000000000000000000001100111000000000000000000001100000110000000000000000000100000001100000000000000000110000000010000000000000000010000000001100000000000000001000000000010000000000000001100000000001000000000000000100000000000100000000000000010000000000010000000000000001000000000001000000000000000100000000000100000000000000010000000000010000000000000001000000000001000000000000000100000000001100000000000000011000000000100000000000000000100000000010000000000000000010000000011000000000000000001100000011000000000000000000011100111000000000000000000000011110000000000000000000000000000000000000000000000000000000000000000000000000000000000000000000000000
0
0000000000000000000000000000000000000000000000000000000000000000000000000000000000000000000000000111000000000000000000000000110111000000000000000000000110000110000000000000000000110000001100000000000000000110000000011000000000000000010000000000100000000000000011000000000011000000000000001000000000000100000000000001100000000000010000000000000100000000000001000000000000010000000000000100000000000001000000000000010000000000000100000000000001000000000000010000000000000100000000000001000000000000110000000000000100000000000010000000000000011000000000011000000000000000100000000001000000000000000011000000001100000000000000001100000001100000000000000000011100001100000000000000000000011111100000000000000000000000000000000000000000000000000000000000000000000000000000000000000000000000
0
0000000000000000000000000000000000000000000000000000000000000000000001000000000000000000000000011110000000000000000000000111001111000000000000000000110000000110000000000000000010000000001100000000000000011000000000010000000000000001000000000001000000000000000100000000000110000000000000010000000000001000000000000011000000000000110000000000001000000000000001000000000000100000000000000100000000000010000000000000010000000000001000000000000001000000000000100000000000000100000000000010000000000000110000000000000100000000000010000000000000010000000000011000000000000001100000000011000000000000000011000000011000000000000000000110000011000000000000000000001111111000000000000000000000000000000000000000000000000000000000000000000000000000000000000000000000000000000000000000000000000000
0
0000000000000000000000000000000000000000000000000000000000000000000000000000000000000000000000001110000000000000000000000011101100000000000000000000011000011100000000000000000011000000011000000000000000011000000000110000000000000001000000000001000000000000000100000000000110000000000000110000000000001000000000000010000000000000100000000000001000000000000010000000000000100000000000001000000000000010000000000000100000000000001000000000000010000000000000110000000000011000000000000001000000000001000000000000000100000000001100000000000000011000000001100000000000000000100000000100000000000000000011000000110000000000000000000111001110000000000000000000000111100000000000000000000000000000000000000000000000000000000000000000000000000000000000000000000000000000000000000000000000000000
0
0000000000000000000000000000000000000000000000000000000000000000000000000000000000000000000000011111000000000000000000000111001100000000000000000000110000100000000000000000000110000011100000000000000000010000000010000000000000000011000000001100000000000000001000000000010000000000000000100000000001000000000000000010000000000110000000000000001000000000001000000000000000100000000000100000000000000010000000000010000000000000001000000000001000000000000000110000000001100000000000000001000000000100000000000000000100000000010000000000000000011000000011000000000000000000110000001000000000000000000001100001100000000000000000000011001100000000000000000000000111100000000000000000000000000000000000000000000000000000000000000000000000000000000000000000000000000000000000000000000000000000
0
0000000000000000000000000000000000000000000000000000000000000000000000000000000000000000000000011111000000000000000000000111000100000000000000000000110000010000000000000000000010000001100000000000000000011000000010000000000000000001000000001000000000000000000100000000010000000000000000110000000001000000000000000010000000000100000000000000001000000000010000000000000000100000000001000000000000000010000000000100000000000000001000000000010000000000000000100000000011000000000000000010000000001000000000000000001100000001100000000000000000010000000100000000000000000001000000110000000000000000000010000110000000000000000000001111110000000000000000000000000000000000000000000000000000000000000000000000000000000000000000000000000000000000000000000000000000000000000000000000000000000000
0
0000000000000000000000000000000000000000000000000000000000000000000111000000000000000000000000110111000000000000000000000110000111000000000000000000010000000110000000000000000010000000001000000000000000011000000000110000000000000001000000000001000000000000000100000000000100000000000000110000000000010000000000000010000000000001100000000000001100000000000010000000000000010000000000011000000000000001000000000001000000000000000100000000000100000000000000011000000000010000000000000000100000000011000000000000000011000000011000000000000000000110000001000000000000000000001100011100000000000000000000011111000000000000000000000000000000000000000000000000000000000000000000000000000000000000000000000000000000000000000000000000000000000000000000000000000000000000000000000000000000000000
0
0000000000000000000000000000000000000000000000000000000000000000000011110000000000000000000000111001100000000000000000000110000010000000000000000000110000001100000000000000000110000000110000000000000000010000000001000000000000000011000000000110000000000000001000000000001000000000000001100000000000100000000000000100000000000010000000000000010000000000001000000000000001000000000000100000000000000100000000000010000000000000010000000000001000000000000001100000000000100000000000000010000000000110000000000000001100000000010000000000000000010000000011000000000000000001100000011000000000000000000011100111000000000000000000000011110000000000000000000000000000000000000000000000000000000000000000000000000000000000000000000000000000000000000000000000000000000000000000000000000000000000
0
0000000000000000000000000000000000000000000000000000000000000000000001111100000000000000000000001100011000000000000000000011000001000000000000000000011000000110000000000000000011000000001000000000000000001000000000110000000000000001000000000001000000000000000100000000000100000000000000010000000000011000000000000001000000000000100000000000000100000000000010000000000000010000000000001000000000000001000000000000100000000000000100000000000110000000000000011000000000010000000000000000100000000001000000000000000011000000001100000000000000000100000000100000000000000000011000000100000000000000000000111000110000000000000000000000111110000000000000000000000000000000000000000000000000000000000000000000000000000000000000000000000000000000000000000000000000000000000000000000000000000000
0
0000000000000000000000000000000000000000000000000000000000000000000011111000000000000000000000011000110000000000000000000011000001100000000000000000011000000011000000000000000011000000000100000000000000001000000000011000000000000001100000000000100000000000000100000000000010000000000000010000000000001000000000000011000000000000100000000000001000000000000010000000000000100000000000001000000000000010000000000000100000000000001000000000000010000000000000100000000000011000000000000010000000000001000000000000000100000000001100000000000000010000000000100000000000000001000000000110000000000000000110000000110000000000000000001110001110000000000000000000001111100000000000000000000000000000000000000000000000000000000000000000000000000000000000000000000000000000000000000000000000000000
0
0000000000000000000000000000000000000000000000000000000000000000000011111010000000000000000000011000111100000000000000000011000001010000000000000000011000000001100000000000000011000000000010000000000000001000000000001000000000000001100000000000100000000000000100000000000010000000000000010000000000001000000000000011000000000000100000000000001000000000000011000000000000100000000000000100000000000010000000000000010000000000001000000000000011000000000000100000000000001000000000000011000000000000100000000000000100000000000110000000000000010000000000010000000000000001100000000011000000000000000010000000011000000000000000000110000111000000000000000000001111110000000000000000000000000000000000000000000000000000000000000000000000000000000000000000000000000000000000000000000000000000
0
0000000000000000000000000000000000000000000000000000000000000000000011111100000000000000000000111001010000000000000000000110000110000000000000000000110000001100000000000000000110000000010000000000000000010000000001100000000000000011000000000010000000000000001000000000001000000000000001000000000000100000000000000100000000000010000000000000010000000000001000000000000001000000000000100000000000000100000000000010000000000000110000000000001000000000000001000000000000100000000000000100000000000010000000000000010000000000010000000000000001000000000001000000000000000110000000001100000000000000001100000000100000000000000000011100000110000000000000000000011111110000000000000000000000000000000000000000000000000000000000000000000000000000000000000000000000000000000000000000000000000000
0
0000000000000000000000000000000000000000000000000000000000000000000011110000000000000000000000111011100000000000000000000110000110000000000000000000110000001000000000000000000110000000110000000000000000010000000001000000000000000011000000000110000000000000001000000000001000000000000000100000000000100000000000000010000000000010000000000000001000000000001100000000000000100000000000110000000000000010000000000011000000000000001000000000001000000000000000100000000000100000000000000010000000000010000000000000001000000000001000000000000000110000000001100000000000000001000000001100000000000000000110000000100000000000000000001100001100000000000000000000011111100000000000000000000000000000000000000000000000000000000000000000000000000000000000000000000000000000000000000000000000000000
0
0000000000000000000000000000000000000000000000000000000000000000000000000000000000000000000000001111000000000000000000000001111000000000000000000000001100110000000000000000000001100001100000000000000000000100000011000000000000000000100000000100000000000000000010000000011000000000000000011000000000100000000000000001000000000010000000000000000100000000001000000000000000010000000000110000000000000001000000000001000000000000000100000000000100000000000000010000000000010000000000000001000000000011000000000000000100000000001000000000000000010000000000100000000000000001100000000110000000000000000010000000010000000000000000001000000010000000000000000000010000011000000000000000000001100111000000000000000000000011110000000000000000000000000000000000000000000000000000000000000000000000
0
0000000000000000000000000000000000000000000000000000000000000000000011111100000000000000000000011011100000000000000000000011000011000000000000000000011000000110000000000000000011000000001000000000000000001000000000100000000000000001100000000011000000000000000100000000000100000000000000010000000000010000000000000001000000000001100000000000000100000000000110000000000000010000000000001000000000000001000000000000100000000000000100000000000010000000000000010000000000001000000000000001000000000001000000000000000110000000000100000000000000001000000000010000000000000000110000000010000000000000000001000000011000000000000000000110000011000000000000000000001111111000000000000000000000001100000000000000000000000000000000000000000000000000000000000000000000000000000000000000000000000000
0
0000000000000000000000000000000000000000000000000000000000000000000001100000000000000000000000011110000000000000000000000011001000000000000000000000011000111000000000000000000011000000110000000000000000001000000001000000000000000001100000000010000000000000000100000000001000000000000000010000000000110000000000000011000000000001000000000000001000000000000100000000000000100000000000010000000000000010000000000001000000000000001000000000000100000000000000100000000000010000000000000010000000000001000000000000001000000000000100000000000000100000000000110000000000000001000000000010000000000000000110000000001000000000000000001000000001100000000000000000011000001100000000000000000000111111100000000000000000000000000000000000000000000000000000000000000000000000000000000000000000000000
0
0000000000000000000000000000000000000000000000000000000000000000000000000000000000000000000000001111000000000000000000000001101100000000000000000000001100011000000000000000000001100000110000000000000000000100000001100000000000000000110000000010000000000000000010000000001100000000000000010000000000010000000000000001000000000001000000000000000100000000000100000000000000110000000000010000000000000011000000000001000000000000001000000000000100000000000000100000000000010000000000000011000000000001000000000000000100000000001100000000000000010000000000100000000000000001000000000110000000000000000110000000010000000000000000001000000011000000000000000000011000011000000000000000000000111011000000000000000000000001111000000000000000000000000000000000000000000000000000000000000000000000
0
0000000000000000000000000000000000000000000000000000000000000000000000000000000000000000000000011110000000000000000000000011001100000000000000000000010000011100000000000000000011000000011000000000000000011000000000110000000000000001000000000001000000000000001100000000000110000000000000100000000000001000000000000010000000000000100000000000001000000000000010000000000001000000000000001000000000000100000000000001100000000000010000000000000100000000000001000000000000010000000000000110000000000011000000000000011000000000001000000000000000100000000001100000000000000011000000001100000000000000000110000001100000000000000000001111111100000000000000000000000000000000000000000000000000000000000000000000000000000000000000000000000000000000000000000000000000000000000000000000000000000000
0
0000000000000000000000000000000000000000000000000000000000000000000001100000000000000000000000111111000000000000000000000110000010000000000000000000110000001110000000000000000110000000001000000000000000110000000000110000000000000010000000000001000000000000011000000000000110000000000001000000000000001000000000000100000000000000100000000000010000000000000010000000000001000000000000001000000000000100000000000000100000000000010000000000000010000000000001000000000000011000000000000100000000000001000000000000010000000000000100000000000001000000000000110000000000000010000000000010000000000000001100000000011000000000000000010000000011000000000000000000110000011000000000000000000001111111000000000000000000000000000000000000000000000000000000000000000000000000000000000000000000000000
0
0000000000000000000000000000000000000000000000000000000000000000000000000000000000000000000000000000000000000000000000000000011110000000000000000000001110000000000000000000000011100000110000000000000000001000000001100000000000000001100000000010000000000000000100000000001100000000000000010000000000010000000000000001000000000001000000000000000100000000000100000000000000010000000000011000000000000001000000000000100000000000000100000000000110000000000000010000000000010000000000000001100000000001000000000000000010000000000100000000000000001100000000110000000000000000010000000010000000000000000001100000010000000000000000000011000011000000000000000000000111111000000000000000000000000000000000000000000000000000000000000000000000000000000000000000000000000000000000000000000000000000
0
0000000000000000000000000000000000000000000000000000000000000000000000000000000000000000000000111110000000000000000000000110001110000000000000000000100000011000000000000000000110000010000000000000000000110000001110000000000000000010000000001100000000000000011000000000010000000000000001000000000001100000000000000100000000000010000000000000010000000000001000000000000011000000000000100000000000001000000000000010000000000000100000000000001100000000000010000000000000110000000000001000000000000010000000000000110000000000001000000000000001000000000000100000000000000100000000000110000000000000011000000000010000000000000000110000000011000000000000000001110000111000000000000000000001111110000000000000000000000000000000000000000000000000000000000000000000000000000000000000000000000000
0
0000000000000000000000000000000000000000000000000000000000000000000000000000000000000000000000001111000000000000000000000011100110000000000000000000011000001110000000000000000011000000001100000000000000001000000000010000000000000001100000000000100000000000000100000000000010000000000000110000000000001000000000000010000000000000100000000000001000000000000010000000000000100000000000001000000000000110000000000000100000000000010000000000000010000000000001000000000000011000000000000110000000000001000000000000001000000000001100000000000000100000000001100000000000000011000000000100000000000000000110000001100000000000000000001111111100000000000000000000000000000000000000000000000000000000000000000000000000000000000000000000000000000000000000000000000000000000000000000000000000000000
0
0000000000000000000000000000000000000000000000000000000000000000000000000000000000000000000000111111000000000000000000001110000110000000000000000001100000001100000000000000001100000000010000000000000001100000000001100000000000000100000000000010000000000000110000000000001100000000000010000000000000010000000000001000000000000001000000000000100000000000000100000000000010000000000000010000000000001000000000000001000000000000100000000000000100000000000010000000000000010000000000001000000000000001000000000000100000000000001100000000000011000000000000100000000000000110000000000010000000000000001100000000010000000000000000011100000011000000000000000000011111110000000000000000000000000000000000000000000000000000000000000000000000000000000000000000000000000000000000000000000000000000
0
0000000000000000000000000000000000000000000000000000000000000000000000000000000000000000000000011111000000000000000000000111000110000000000000000000110000001100000000000000000110000000010000000000000000110000000001100000000000000010000000000010000000000000001000000000001100000000000001100000000000010000000000000100000000000001000000000000010000000000000100000000000001000000000000010000000000000100000000000001000000000000010000000000000100000000000001000000000000010000000000000100000000000001000000000000011000000000001100000000000000100000000000100000000000000001000000000100000000000000000111000000110000000000000000000111011110000000000000000000000111100000000000000000000000000000000000000000000000000000000000000000000000000000000000000000000000000000000000000000000000000000
0
0000000000000000000000000000000000000000000000000000000000000000000000000000000000000000000000001111000000000000000000000011101110000000000000000000011000001100000000000000000011000000011000000000000000011000000000110000000000000001000000000001000000000000000100000000000100000000000000010000000000011000000000000011000000000000100000000000001000000000000010000000000000100000000000001000000000000010000000000000100000000000001000000000000010000000000000100000000000001000000000000010000000000000100000000000000100000000000110000000000000010000000000010000000000000001100000000011000000000000000011000000011000000000000000000011111111000000000000000000000001100000000000000000000000000000000000000000000000000000000000000000000000000000000000000000000000000000000000000000000000000000
0
0000000000000000000000000000000000000000000000000000000000000000000000000000000000000000000000001111100000000000000000000011111100000000000000000000111000011000000000000000000011000000110000000000000000011000000001100000000000000001000000000010000000000000001000000000001000000000000000100000000000110000000000000010000000000001000000000000010000000000000100000000000001000000000000010000000000000100000000000001000000000000010000000000000100000000000001000000000000010000000000000100000000000001000000000000010000000000001000000000000001000000000000100000000000000110000000000110000000000000001000000000010000000000000000110000000011000000000000000001100000011000000000000000000011111111000000000000000000000011100000000000000000000000000000000000000000000000000000000000000000000000
0
0000000000000000000000000000000000000000000000000000000000000000000000000000000000000000000000000001110000000000000000000000011110000000000000000000000111011100000000000000000000110000011000000000000000000110000000110000000000000000010000000001000000000000000011000000000110000000000000001000000000001000000000000000100000000000100000000000000110000000000011000000000000010000000000000100000000000001000000000000010000000000000100000000000001000000000000010000000000000100000000000001000000000000110000000000000100000000000010000000000000011000000000011000000000000000100000000001000000000000000010000000001100000000000000001100000001100000000000000000011000001100000000000000000000111111100000000000000000000000110000000000000000000000000000000000000000000000000000000000000000000000
0
0000000000000000000000000000000000000000000000000000000000000000000000000000000000000000000000000000000000000000000000000000011000000000000000000000001111111100000000000000000001100000011000000000000000001100000000100000000000000000100000000010000000000000000110000000001000000000000000010000000000110000000000000001000000000001000000000000001100000000000100000000000000100000000000011000000000000010000000000000100000000000001000000000000010000000000000100000000000001000000000000010000000000000100000000000001000000000000110000000000000100000000000010000000000000010000000000001000000000000001100000000001100000000000000010000000001100000000000000001100000001100000000000000000011000001100000000000000000000111111100000000000000000000000000000000000000000000000000000000000000000000
0
0000000000000000000000000000000000000000000000000000000000000000000000111000000000000000000000001111000000000000000000000011000011000000000000000000011000000100000000000000000011000000011000000000000000001000000000110000000000000000100000000001000000000000000100000000000100000000000000010000000000011000000000000001000000000000100000000000001100000000000010000000000000100000000000001000000000000010000000000000100000000000001000000000000110000000000000100000000000010000000000000010000000000001000000000000001100000000001100000000000000010000000000100000000000000001000000000110000000000000000100000000010000000000000000001000000010000000000000000000100000011000000000000000000001100111000000000000000000000011110000000000000000000000000000000000000000000000000000000000000000000000
0
0000000000000000000000000000000000000000000000000000000000000000000000000000000000000000000000000000000000000000000000000001111100000000000000000000011100111000000000000000000011000000110000000000000000011000000001100000000000000001000000000010000000000000001100000000001100000000000000100000000000010000000000000110000000000001000000000000010000000000000100000000000001000000000000010000000000000100000000000001000000000000010000000000000100000000000001000000000000110000000000000100000000000010000000000000010000000000011000000000000001100000000001000000000000000010000000001100000000000000001100000001100000000000000000011000001100000000000000000000111001100000000000000000000000111000000000000000000000000000000000000000000000000000000000000000000000000000000000000000000000000000
0
0000000000000000000000000000000000000000000000000000000000000000000000000000000000000000000000000000000000000000000000000000011000000000000000000000000111111000000000000000000000110000111100000000000000001110000000011000000000000000100000000000100000000000000100000000000010000000000000110000000000001100000000000010000000000000110000000000011000000000000010000000000001000000000000001000000000000100000000000000100000000000010000000000000100000000000001000000000000110000000000000110000000000110000000000000001000000000110000000000000000110000000110000000000000000001111111110000000000000000000000000000000000000000000000000000000000000000000000000000000000000000000000000000000000000000000000000000000000000000000000000000000000000000000000000000000000000000000000000000000000000000
0
0000000000000000000000000000000000000000000000000000000000000000000000000000000000000000000000001111000000000000000000000011110111100000000000000000011000000011000000000000000011000000000110000000000000001000000000001000000000000001000000000000100000000000000100000000000010000000000000110000000000001000000000000010000000000000100000000000001000000000000010000000000000100000000000001000000000000010000000000000100000000000001000000000000010000000000000100000000000011000000000000010000000000001000000000000001000000000001100000000000000010000000001100000000000000001000000001100000000000000000110000001100000000000000000001100001100000000000000000000001111100000000000000000000000000000000000000000000000000000000000000000000000000000000000000000000000000000000000000000000000000000
0
0000000000000000000000000000000000000000000000000000000000000000000000000000000000000000000000000000000000000000000000000011111100000000000000000000110000000000000000000000000110000111000000000000000000110000000011000000000000000010000000000110000000000000001000000000001000000000000001000000000000010000000000000100000000000001000000000000010000000000000110000000000001000000000000001000000000000100000000000000100000000000010000000000000010000000000001000000000000001000000000000100000000000001100000000000010000000000000100000000000001000000000000010000000000000100000000000011000000000000011000000000011000000000000000110000000011000000000000000001100000011000000000000000000011111111000000000000000000000001000000000000000000000000000000000000000000000000000000000000000000000000
0
0000000000000000000000000000000000000000000000000000000000000000000000000000000000000000000000000000000000000000000000000000111110000000000000000000001100001100000000000000000001100000011000000000000000000100000000110000000000000000110000000001000000000000000010000000000110000000000000001000000000001000000000000001100000000000100000000000000100000000000010000000000000010000000000001000000000000001000000000000100000000000000100000000000010000000000000010000000000001000000000000001100000000001100000000000000010000000000100000000000000001000000000010000000000000000110000000011000000000000000001100000001000000000000000000011100001000000000000000000000011111100000000000000000000000000000000000000000000000000000000000000000000000000000000000000000000000000000000000000000000000000
0
0000000000000000000000000000000000000000000000000000000000000000000000000000000000000000000000011110000000000000000000000011001100000000000000000000011000011000000000000000000011000000110000000000000000011000000001000000000000000001000000000100000000000000000100000000001000000000000000010000000000100000000000000001000000000010000000000000000100000000001000000000000000010000000000100000000000000001000000000010000000000000000100000000001000000000000000010000000000100000000000000001000000000010000000000000000110000000011000000000000000001000000001000000000000000000110000001100000000000000000001100001100000000000000000000011001100000000000000000000000111100000000000000000000000000000000000000000000000000000000000000000000000000000000000000000000000000000000000000000000000000000
0
0000000000000000000000000000000000000000000000000000000000000000000000000000000000000000000000001110000000000000000000000011101100000000000000000000011000011100000000000000000011000000110000000000000000011000000001100000000000000001000000000010000000000000001000000000001000000000000000100000000000010000000000000010000000000001000000000000001000000000000100000000000000100000000000010000000000000010000000000001000000000000001000000000000100000000000000100000000000010000000000000010000000000010000000000000001100000000011000000000000000010000000001000000000000000000110000011000000000000000000001111111000000000000000000000000100000000000000000000000000000000000000000000000000000000000000000000000000000000000000000000000000000000000000000000000000000000000000000000000000000000000
0
0000000000000000000000000000000000000000000000000000000000000000000000000000000000000000000000000000000000000000000000000111111110000000000000000000110000001100000000000000000110000000011000000000000000010000000000100000000000000010000000000011000000000000011000000000000100000000000001000000000000011000000000000100000000000000100000000000110000000000000010000000000010000000000000001000000000001000000000000000100000000000100000000000000010000000000010000000000000011000000000001100000000000001000000000000010000000000000100000000000001100000000000100000000000000010000000000110000000000000001100000000110000000000000000001111001110000000000000000000000111100000000000000000000000000000000000000000000000000000000000000000000000000000000000000000000000000000000000000000000000000000
0
0000000000000000000000000000000000000000000000000000000000000000000000000000000000000000000000111111100000000000000000000110001110000000000000000000110000001100000000000000000110000000011000000000000000010000000001100000000000000011000000000011000000000000001000000000000100000000000000100000000000011000000000000010000000000000100000000000001000000000000010000000000000100000000000001000000000000010000000000000100000000000001000000000000010000000000000100000000000001000000000000001000000000000100000000000000100000000000110000000000000010000000000010000000000000001100000000011000000000000000011000000011000000000000000000111111111000000000000000000000000000000000000000000000000000000000000000000000000000000000000000000000000000000000000000000000000000000000000000000000000000000
0
0000000000000000000000000000000000000000000000000000000000000000000000000000000000000000000000000000000000000000000000000001111111110000000000000000011100000001100000000000000001000000000010000000000000001000000000001100000000000001100000000000010000000000000100000000000001000000000000110000000000000100000000000010000000000000010000000000001000000000000001000000000000100000000000001100000000000010000000000000100000000000001000000000000010000000000000100000000000001000000000000010000000000001000000000000001100000000000100000000000000010000000000110000000000000001100000000110000000000000000011000000110000000000000000000011111110000000000000000000000000000000000000000000000000000000000000000000000000000000000000000000000000000000000000000000000000000000000000000000000000000000
0
0000000000000000000000000000000000000000000000000000000000000000000000000000000000000000000000011111000000000000000000000111111111000000000000000000110000000111000000000000000110000000000100000000000000010000000000011000000000000011000000000000100000000000001000000000000010000000000000100000000000001000000000000010000000000000100000000000011000000000000010000000000001000000000000001000000000000100000000000000100000000000011000000000000110000000000000100000000000011000000000000010000000000001000000000000001100000000001100000000000000011000000001100000000000000000011100011100000000000000000000111111000000000000000000000000000000000000000000000000000000000000000000000000000000000000000000000000000000000000000000000000000000000000000000000000000000000000000000000000000000000000
0
0000000000000000000000000000000000000000000000000000000000000000000000000000000000000000000000001100000000000000000000000001110000000000000000000000001111111000000000000000000001100000110000000000000000001100000001100000000000000001100000000010000000000000000100000000001000000000000000110000000000100000000000000010000000000011000000000000001000000000000100000000000001100000000000010000000000000100000000000001000000000000010000000000000100000000000001000000000000100000000000000110000000000010000000000000001000000000001000000000000000100000000001100000000000000011000000000100000000000000000110000000110000000000000000001100000110000000000000000000011101110000000000000000000000011100000000000000000000000000000000000000000000000000000000000000000000000000000000000000000000000000
0
0000000000000000000000000000000000000000000000000000000000000000000000000000000000000000000000000000000000000000000000000000111111100000000000000000001110000011000000000000000001100000000110000000000000001000000000001000000000000001100000000000100000000000001100000000000011000000000000100000000000000100000000000010000000000000010000000000001000000000000001000000000001100000000000000100000000000100000000000000110000000000010000000000000010000000000001000000000000001000000000000100000000000001100000000000010000000000001100000000000000100000000001100000000000000011000000001100000000000000000110000001100000000000000000001111111000000000000000000000000000000000000000000000000000000000000000000000000000000000000000000000000000000000000000000000000000000000000000000000000000000000
0
0000000000000000000000000000000000000000000000000000000000000000000000000000000000000000000001111000000000000000000000001100110000000000000000000001100000110000000000000000000100000001100000000000000000110000000011000000000000000010000000000110000000000000011000000000001000000000000001000000000000110000000000000100000000000001000000000000110000000000000100000000000010000000000000010000000000001000000000000001000000000000100000000000000100000000000010000000000000010000000000001000000000000001000000000000100000000000000100000000000010000000000000110000000000001100000000000010000000000000010000000000011000000000000001000000000001000000000000000010000000001000000000000000001110000011100000000000000000001111111000000000000000000000000000000000000000000000000000000000000000000000
0
0000000000000000000000000000000000000000000000000000000000000000000000000000000000000000000000001110000000000000000000000001101100000000000000000000001100001000000000000000000001100000110000000000000000000100000001100000000000000000110000000010000000000000000010000000000100000000000000001000000000011000000000000001000000000000100000000000000100000000000010000000000000010000000000001000000000000001000000000000110000000000000100000000000011000000000000010000000000001100000000000001000000000000100000000000000100000000000010000000000000010000000000001000000000000001100000000000100000000000000010000000000110000000000000001100000000010000000000000000011000000011000000000000000000111000011000000000000000000000111111000000000000000000000000000000000000000000000000000000000000000000
0
0000000000000000000000000000000000000000001000000000000000000000000011100000000000000000000000111000000000000000000000000111111100000000000000000000110000011100000000000000000110000000011000000000000000010000000000110000000000000011000000000001000000000000001000000000000010000000000000100000000000001000000000000100000000000000110000000000010000000000000001000000000001000000000000000100000000000100000000000000010000000000010000000000000001000000000011000000000000000100000000000100000000000000010000000000010000000000000001000000000001000000000000001100000000000110000000000000100000000000001100000000000010000000000000011000000000011000000000000000110000000011000000000000000001110000011000000000000000000001111111000000000000000000000000000000000000000000000000000000000000000000
0
0000000000000000000000000000000000000000000000000000000000000000000011110000000000000000000000011000000000000000000000000011111000000000000000000000011000110000000000000000000011000001100000000000000000001000000010000000000000000001100000001100000000000000000100000000010000000000000000010000000001100000000000000001000000000010000000000000000100000000001000000000000000110000000000100000000000000011000000000001000000000000001100000000000100000000000000010000000000010000000000000001000000000011000000000000000100000000001100000000000000010000000000100000000000000001000000000010000000000000000110000000010000000000000000001100000011000000000000000000010000011000000000000000000000110111000000000000000000000000110000000000000000000000000000000000000000000000000000000000000000000000
0
0000000000000000000000000000000000000000000000000000000000000000000111100000000000000000000000110011100000000000000000000110000011100000000000000000110000000011000000000000000010000000000110000000000000011000000000001000000000000001000000000000110000000000001100000000000001000000000000100000000000000100000000000010000000000000010000000000001000000000000001000000000000100000000000000100000000000010000000000000010000000000001000000000000001000000000000100000000000000100000000000010000000000000010000000000000100000000000001000000000000011000000000001000000000000000111000000001100000000000000001111000011100000000000000000000111111000000000000000000000000000000000000000000000000000000000000000000000000000000000000000000000000000000000000000000000000000000000000000000000000000000
0
0000000000000000000000000000000000000000000000000000000000000000000000000000000000000000000000000011000000000000000000000000111000000000000000000000000111111000000000000000000000110000110000000000000000000110000001100000000000000000010000000011000000000000000011000000000110000000000000001000000000001000000000000001100000000000110000000000000100000000000001000000000000010000000000000100000000000001000000000000010000000000000100000000000001000000000000010000000000001100000000000001000000000000100000000000000100000000000010000000000000011000000000001000000000000000100000000001000000000000000011000000000100000000000000000111000000110000000000000000000111001110000000000000000000000111100000000000000000000000000000000000000000000000000000000000000000000000000000000000000000000000
0
0000000000000000000000000000000000000000000000000000000000000000000000000000000000000000000000011111000000000000000000000111011000000000000000000000110000110000000000000000000010000001100000000000000000011000000011000000000000000001000000000110000000000000000100000000001000000000000000110000000000100000000000000010000000000011000000000000001000000000000100000000000000100000000000010000000000000010000000000001000000000000001000000000000100000000000000100000000000010000000000000010000000000001000000000000001000000000000100000000000000100000000000100000000000000011000000000010000000000000000110000000011000000000000000001000000001000000000000000000011000001100000000000000000000011111100000000000000000000000000000000000000000000000000000000000000000000000000000000000000000000000
0
0000000000000000000000000000000000000000000000000000000000000000000000000000000000000000000000001111000000000000000000000011101111110000000000000000011000000001100000000000000001000000000010000000000000001100000000001000000000000000100000000000110000000000000010000000000001000000000000001000000000000100000000000000100000000000010000000000000010000000000001000000000000001000000000000100000000000000100000000000010000000000000010000000000011000000000000001000000000001000000000000000100000000001100000000000000011000000000100000000000000000100000000100000000000000000011000000110000000000000000000111001110000000000000000000000111100000000000000000000000000000000000000000000000000000000000000000000000000000000000000000000000000000000000000000000000000000000000000000000000000000000
0
0000000000000000000000000000000000000000000000000000000000000000000000000000000000000000000000001111000000000000000000000011001111100000000000000000011000000011000000000000000011000000000110000000000000001000000000001000000000000001100000000000100000000000000100000000000011000000000000010000000000000100000000000011000000000000010000000000001000000000000001000000000000100000000000001100000000000010000000000000100000000000001000000000000010000000000000110000000000011000000000000001000000000001000000000000000100000000001100000000000000011000000001100000000000000000110000001100000000000000000001100001100000000000000000000011111100000000000000000000000000000000000000000000000000000000000000000000000000000000000000000000000000000000000000000000000000000000000000000000000000000000
0
0000000000000000000000000000000000000000000000000000000000000000000111100000000000000000000001110010000000000000000000001100011000000000000000000001100000111000000000000000000100000000100000000000000000110000000011000000000000000010000000000100000000000000001000000000011000000000000000100000000000100000000000000010000000000010000000000000001000000000001000000000000000100000000000110000000000000010000000000001000000000000001000000000000100000000000000100000000000110000000000000011000000000010000000000000000100000000001000000000000000011000000000100000000000000000100000000110000000000000000011000000110000000000000000000110000110000000000000000000001111110000000000000000000000000000000000000000000000000000000000000000000000000000000000000000000000000000000000000000000000000000
0
0000000000000000000000000000000000000000000000000000000000000000000000000000000000000000000000000001100000000000000000000011111111000000000000000000011000000110000000000000000001000000001000000000000000001100000000010000000000000000100000000001000000000000000010000000000110000000000000011000000000001000000000000001000000000000100000000000000100000000000010000000000000010000000000001000000000000001000000000000100000000000000100000000000010000000000000010000000000001000000000000001000000000000100000000000000110000000000110000000000000001000000000010000000000000000110000000011000000000000000001100000001100000000000000000010000001100000000000000000000110000100000000000000000000001111100000000000000000000000000000000000000000000000000000000000000000000000000000000000000000000000