2
0000000000000000000000000000000000000000000000000000000000000000000000000000000000000000000000000000000000000000000000001111111000000000000000000000100000111000000000000000000110000000110000000000000000010000000001000000000000000001000000000110000000000000000100000000001000000000000000010000000000100000000000000000000000000110000000000000000000000000010000000000000000000000000011000000000000000000000000001000000000000000000000000001100000000000000000000000000100000000000000000000000000100000000000000000000000000110000000000000000000000000110000000000000000000000011111111111100000000000000001000000000011110000000000000000000000000000000000000000000000000000000000000000000000000000000000000000000000000000000000000000000000000000000000000000000000000000000000000000000000000000
2
0000000000000000000000000000000000000000000000000000000000000000000000000000000000000000000000000000000000000000000000000111111000000000000000000001110000110000000000000000000100000001100000000000000000010000000010000000000000000011000000001100000000000000000100000000010000000000000000010000000001000000000000000000000000000100000000000000000000000000010000000000000000000000000011000000000000000000000000001000000000000000000000000001100000000000000000000000001100000000000000000000000001100000000000000000000000001100000000000000000000000001100000000000000000000000001100000000000000000000000011100000000000000000000000111111111111111100000000000000000000000000000000000000000000000000000000000000000000000000000000000000000000000000000000000000000000000000000000000000000000000000
2
0000000000000000000000000000000000000000000000000000000000000000000000000000000000000000000000000000000000000000000000000011111100000000000000000000111000011100000000000000000110000000011000000000000000010000000000100000000000000001000000000011000000000000001100000000001100000000000000100000000000100000000000000000000000000010000000000000000000000000001000000000000000000000000001100000000000000000000000000100000000000000000000000000110000000000000000000000000010000000000000000000000000011000000000000000000000000011000000000000000000000000011000000000000000000000000111000000000000000000001111111000000000000000000000000000111111111000000000000000000000000000000000000000000000000000000000000000000000000000000000000000000000000000000000000000000000000000000000000000000000000000
2
0000000000000000000000000000000000000000000000000000000000000000000000000000000000000000000000000000000000000000000000000000000000000000000000000000011111110000000000000000000011000001110000000000000000011000000001000000000000000001000000000110000000000000000100000000001000000000000000000000000000100000000000000000000000000010000000000000000000000000001000000000000000000000000001000000000000000000000000000100000000000000000000000000100000000000000000000000000110000000000000000000000000110000000000000000000000000110000000000000000000000000110000000000000000000000001110000000000000000000011111111111111110000000000000000000000000011000000000000000000000000000000000000000000000000000000000000000000000000000000000000000000000000000000000000000000000000000000000000000000000000000
2
0000000000000000000000000000000000000000000000000000000000000000000000000000000000000000000000011111000000000000000000000011000110000000000000000000010000001100000000000000000010000000011000000000000000011000000000100000000000000001000000000010000000000000000100000000001000000000000000000000000001100000000000000000000000000100000000000000000000000000010000000000000000000000000011000000000000000000000000011000000000000000000000000011000000000000000000000000011000000000000000000000000011000000000000000000000000111000000000000000000000111111111111100000000000000000000000000011110000000000000000000000000000000000000000000000000000000000000000000000000000000000000000000000000000000000000000000000000000000000000000000000000000000000000000000000000000000000000000000000000000000000
2
0000000000000000000000000000000000000000000000000000000000000000000000000000000000000000000000000000000000000000000000000001111000000000000000000000011100111000000000000000000011000000110000000000000000001000000001100000000000000000100000000010000000000000000010000000001000000000000000000000000000100000000000000000000000000010000000000000000000000000001000000000000000000000000001100000000000000000000000000100000000000000000000000000110000000000000000000000000110000000000000000000000000110000000000000000000000000110000000000000000000000001110000000000000000000001111111111000000000000000000100000000111111000000000000000000000000000110000000000000000000000000000000000000000000000000000000000000000000000000000000000000000000000000000000000000000000000000000000000000000000000000
2
0000000000000000000000000000000000000000000000000000000000000000000000000000000000000000000000000000000000000000000000000000000000000000000000000000001111111100000000000000000001100000011000000000000000001100000000110000000000000000100000000001100000000000000010000000000010000000000000001000000000001000000000000000100000000000100000000000000000000000000100000000000000000000000000010000000000000000000000000010000000000000000000000000011000000000000000000000000011000000000000000000000000011000000000000000000000000011000000000000000000000000011000000000000000000011111111111000000000000000000011110000111110000000000000000000000000001100000000000000000000000000000000000000000000000000000000000000000000000000000000000000000000000000000000000000000000000000000000000000000000000000
2
0000000000000000000000000000000000000000000000000000000000000000000000000000000000000000000000000000000000000000000000000000111000000000000000000000001111111100000000000000000001100000001000000000000000001100000000110000000000000000100000000001000000000000000010000000000100000000000000001000000000010000000000000000110000000001000000000000000000000000000100000000000000000000000000010000000000000000000000000011000000000000000000000000001000000000000000000000000001100000000000000000000000001100000000000000000000000001100000000000000000000000011100000000000000000000001111100000000000000000001111111111111100000000000000000000000000001110000000000000000000000000001100000000000000000000000000000000000000000000000000000000000000000000000000000000000000000000000000000000000000000000
2
0000000000000000000000000000000000000000000000000000000000000000000000000000000000000000000000000000000000000000000000000000000000000000000000000000001111111110000000000000000011000000001100000000000000011000000000010000000000000001100000000001000000000000000100000000000110000000000000010000000000010000000000000001000000000001000000000000000000000000001100000000000000000000000000100000000000000000000000000110000000000000000000000000010000000000000000000000000011000000000000000000000000011000000000000000000000000011000000000000000000000000011000000000000000000001111111111000000000000000000000000000111111100000000000000000000000000000000000000000000000000000000000000000000000000000000000000000000000000000000000000000000000000000000000000000000000000000000000000000000000000000
2
0000000000000000000000000000000000000000000000000000000000000000000000000000000000000000000000000000000000000000000000000011111110000000000000000000011000001110000000000000000010000000011000000000000000011000000000110000000000000001000000000001000000000000000100000000000100000000000000010000000000010000000000000001000000000001000000000000000000000000001100000000000000000000000000100000000000000000000000000110000000000000000000000000010000000000000000000000000110000000000000000000000000110000000000000000000000000110000000000000000000011111110000000000000000000001110001111111000000000000000000000000000111110000000000000000000000000000000000000000000000000000000000000000000000000000000000000000000000000000000000000000000000000000000000000000000000000000000000000000000000000000
2
0000000000000000000000000000000000000000000000000000000000000000000000000000000000000000000000000000000000000000000000000111111000000000000000000000110000111100000000000000000110000000011000000000000000010000000000100000000000000011000000000010000000000000001000000000001000000000000000100000000001100000000000000010000000000100000000000000000000000000010000000000000000000000000011000000000000000000000000001000000000000000000000000001100000000000000000000000001100000000000000000000000001100000000000000000000000111100000000000000000000111111111100000000000000000000000000011111110000000000000000000000000000000000000000000000000000000000000000000000000000000000000000000000000000000000000000000000000000000000000000000000000000000000000000000000000000000000000000000000000000000000
2
0000000000000000000000000000000000000000000000000000000000000000000000000000000000000000000000000000000000000000000000000011111100000000000000000000111000011000000000000000000110000000110000000000000000010000000001000000000000000011000000000110000000000000001000000000001000000000000000100000000000100000000000000000000000000010000000000000000000000000011000000000000000000000000001000000000000000000000000000100000000000000000000000000100000000000000000000000000110000000000000000000000000110000000000000000000000000110000000000000000000000111111110000000000000000011111100001111110000000000000000000000000001100000000000000000000000000000000000000000000000000000000000000000000000000000000000000000000000000000000000000000000000000000000000000000000000000000000000000000000000000000
2
0000000000000000000000000000000000000000000000000000000000000000000000000000000000000000000000000000000000000000000000000000001000000000000000000000001111111100000000000000000011100000011000000000000000001000000000010000000000000001100000000001100000000000000100000000000010000000000000010000000000001000000000000000000000000001100000000000000000000000000100000000000000000000000000110000000000000000000000000010000000000000000000000000011000000000000000000000000011000000000000000000000000111000000000000000000000000110000000000000000000011111111111000000000000000000000000000111111000000000000000000000000001110000000000000000000000000000000000000000000000000000000000000000000000000000000000000000000000000000000000000000000000000000000000000000000000000000000000000000000000000000
2
0000000000000000000000000000000000000000000000000000000000000000000000000000000000000000000000000000000000000000000000000011111111000000000000000000111000000111000000000000000010000000000100000000000000001000000000001000000000000000100000000000100000000000000010000000000010000000000000001000000000001000000000000000100000000001100000000000000000000000000100000000000000000000000000110000000000000000000000000010000000000000000000000000011000000000000000000000000011000000000000000000000000011000000000000000000000000011100000000000000000000000011000000000000000000000011111111111111100000000000000000000000000110000000000000000000000000000000000000000000000000000000000000000000000000000000000000000000000000000000000000000000000000000000000000000000000000000000000000000000000000000
2
0000000000000000000000000000000000000000000000000000000000000000000000000000000000000000000000000000000000000000000000000000000000000000000000000000000000000000000000000000000011111110000000000000000000011000001110000000000000000001000000001100000000000000000100000000010000000000000000010000000001000000000000000000000000000100000000000000000000000000010000000000000000000000000011000000000000000000000000001000000000000000000000000001100000000000000000000000001100000000000000000000000001100000000000000000000000001100000000000000000000000001100000000000000000000000011100000000000000000000000011111111111111100000000001111110000000000010000000000110000000000000000000000000000000000000000000000000000000000000000000000000000000000000000000000000000000000000000000000000000000000000
2
0000000000000000000000000000000000000000000000000000000000000000000000000000000000000000000000001100000000000000000000000011111110000000000000000000110000001110000000000000000011000000001100000000000000011000000000010000000000000001000000000001100000000000000100000000000010000000000000010000000000011000000000000001000000000001000000000000000100000000001100000000000000000000000000100000000000000000000000000110000000000000000000000000110000000000000000000000000110000000000000000000000000110000000000000000000000000010000000000000000000000000011000000000000000000000000111000000000000000000000011111110000000000000000000001110001111110000000000000000000000000001000000000000000000000000000000000000000000000000000000000000000000000000000000000000000000000000000000000000000000000000
2
0000000000000000000000000000000000000000000000000000000000000000000000000000000000000000000000000000000000000000000000000011110000000000000000000000111001110000000000000000000110000001000000000000000000010000000110000000000000000001000000001000000000000000000100000000100000000000000000010000000010000000000000000001000000001000000000000000000100000000100000000000000000010000000110000000000000000000000000010000000000000000000000000011000000000000000000000000001000000000000000000000000001100000000000000000000000001100000000000000000000000001100000000000000000000000011111000000000000000000000111110111111110000000000000000000000000001100000000000000000000000000000000000000000000000000000000000000000000000000000000000000000000000000000000000000000000000000000000000000000000000000
2
0000000000000000000000000000000000000000000000000000000000000000000000000000000000000000000000000000000000000000000000000000000000000000000000000000111111100000000000000000000110000011000000000000000000110000000111000000000000000010000000000100000000000000001000000000010000000000000000100000000001000000000000000000000000000100000000000000000000000000010000000000000000000000000011000000000000000000000000011000000000000000000000000001000000000000000000000000001100000000000000000000000001100000000000000000000000001100000000000000000000000001100000000000000000000000011100000000000000000000001111111111100000000000000000000000000011100000000000000000000000000000000000000000000000000000000000000000000000000000000000000000000000000000000000000000000000000000000000000000000000000000
2
0000000000000000000000000000000000000000000000000000000000000000000000000000000000000000000000000000000000000000000000000000000000000000000000000000011111110000000000000000000011000001100000000000000000001000000011000000000000000000100000000100000000000000000110000000010000000000000000011000000001000000000000000000000000000100000000000000000000000000110000000000000000000000000010000000000000000000000000011000000000000000000000000001000000000000000000000000001100000000000000000000000001100000000000000000000000000100000000000000000000000000100000000000000000000000001110000000000000000000001111111111111111000000000000110000000000000000000000000000000000000000000000000000000000000000000000000000000000000000000000000000000000000000000000000000000000000000000000000000000000000000
2
0000000000000000000000000000000000000000000000000000000000000000000000000000000000000000000000000000000000000000000000000000000000000000000000000000000000000000000000000000000000001111111000000000000000000011100000110000000000000000011000000001100000000000000010000000000010000000000000001000000000001000000000000000100000000000100000000000000010000000000010000000000000000000000000011000000000000000000000000001000000000000000000000000001000000000000000000000000001100000000000000000000000001100000000000000000000000001100000000000000000000000001100000000000000000001111111100000000000000000000000000011111111000000000000000000000000000000000000000000000000000000000000000000000000000000000000000000000000000000000000000000000000000000000000000000000000000000000000000000000000000000
2
0000000000000000000000000000000000000000000000000000000000000000000000000000000000000000000000000000000000000000000000000000000000000000000000000000000000000000000000000000000001111110000000000000000000001100001110000000000000000001100000001100000000000000000100000000010000000000000000010000000001100000000000000001000000000010000000000000000100000000011000000000000000010000000001000000000000000000000000000100000000000000000000000000110000000000000000000000000010000000000000000000000000010000000000000000000000000010000000000000000000000000110000000000000000000000001110000000000000000000000111111111111111000000000000000000000000000000000000000000000000000000000000000000000000000000000000000000000000000000000000000000000000000000000000000000000000000000000000000000000000000000
2
0000000000000000000000000000000000000000000000000000000000000000000000000000000000000000000000000000000000000000000000000000000000000000000000000000001111111000000000000000000001100000111000000000000000001100000000110000000000000000100000000011000000000000000100000000000100000000000000010000000000010000000000000001000000000001000000000000000000000000000100000000000000000000000000010000000000000000000000000011000000000000000000000000001000000000000000000000000001100000000000000000000000001100000000000000000000000011100000000000000000000000011000000000000000000000111111111100000000000000000000000000011110000000000000000000000000001000000000000000000000000000000000000000000000000000000000000000000000000000000000000000000000000000000000000000000000000000000000000000000000000000
2
0000000000000000000000000000000000000000000000000000000000000000000000000000000000000000000000000000000000000000000000000000000000000000000000000000011111100000000000000000000011000111000000000000000000011000000110000000000000000001000000001000000000000000000100000000100000000000000000010000000010000000000000000001000000001000000000000000000100000000100000000000000000000000000010000000000000000000000000001000000000000000000000000001100000000000000000000000000100000000000000000000000000110000000000000000000000000110000000000000000000000000110000000000000000000000000110000000000000000000000011111111100000000000000000111110000111111100000000000000000000000000110000000000000000000000000000000000000000000000000000000000000000000000000000000000000000000000000000000000000000000000
2
0000000000000000000000000000000000000000000000000000000000000000000000000000000000000000000000000000000000000000000000000011111110000000000000000000011000001110000000000000000011000000001100000000000000001000000000010000000000000001100000000001100000000000000100000000000010000000000000010000000000001000000000000001000000000001100000000000000110000000000100000000000000000000000000010000000000000000000000000011000000000000000000000000001000000000000000000000000001000000000000000000000000001100000000000000000000000011000000000000000000000000111110000000000000000000111111111111100000000000000000000000000011100000000000000000000000000000000000000000000000000000000000000000000000000000000000000000000000000000000000000000000000000000000000000000000000000000000000000000000000000000
2
0000000000000000000000000000000000000000000000000000000000000000000000000000000000000000000000000000000000000000000000000000000000000000000000000000011100000000000000000000000111111110000000000000000000010000000110000000000000000011000000001100000000000000001000000000010000000000000000100000000001000000000000000010000000000100000000000000000000000000010000000000000000000000000001000000000000000000000000000100000000000000000000000000110000000000000000000000000010000000000000000000000000011000000000000000000000000011000000000000000000000000011000000000000000000001111111111000000000000000001111110000111110000000000000000000000000001100000000000000000000000000000000000000000000000000000000000000000000000000000000000000000000000000000000000000000000000000000000000000000000000000
2
0000000000000000000000000000000000000000000000000000000000000000000000000000000000000000000000000000000000000000000000000111111100000000000000000000110000011100000000000000000110000000011000000000000000010000000000110000000000000001000000000001000000000000000100000000000100000000000000010000000000010000000000000000000000000001000000000000000000000000001100000000000000000000000001100000000000000000000000001100000000000000000000000000110000000000000000000000000110000000000000000000000000110000000000000000000000001100000000000000000000000111100000000000000000000011111111111111100000000000001100000000000111100000000000000000000000000000000000000000000000000000000000000000000000000000000000000000000000000000000000000000000000000000000000000000000000000000000000000000000000000000
2
0000000000000000000000000000000000000000000000000000000000000000000000000000000000000000000000000000000000000000000000000001111100000000000000000000011100011110000000000000000011000000001000000000000000011000000000110000000000000001000000000001000000000000000100000000000100000000000000010000000000010000000000000001000000000001000000000000000000000000000100000000000000000000000000110000000000000000000000000010000000000000000000000000011000000000000000000000000011000000000000000000000000111000000000000000000000001110000000000000000000001111110000000000000000000000100000111111000000000000000000000000000111000000000000000000000000001100000000000000000000000000000000000000000000000000000000000000000000000000000000000000000000000000000000000000000000000000000000000000000000000000
2
0000000000000000000000000000000000000000000000000000000000000000000000000000000000000000000000000000000000000000000000000011111111000000000000000000111000000111000000000000000110000000001100000000000000010000000000010000000000000001000000000001100000000000000100000000000010000000000000010000000000011000000000000001000000000001000000000000000000000000000100000000000000000000000000110000000000000000000000000010000000000000000000000000011000000000000000000000000011000000000000000000000000011000000000000000000000000011000000000000000000000000111000000000000000000000011111111111100000000000000011100000000011110000000000000000000000000000000000000000000000000000000000000000000000000000000000000000000000000000000000000000000000000000000000000000000000000000000000000000000000000000
2
0000000000000000000000000000000000000000000000000000000000000000000000000000000000000000000000000000000000000000000000000011110000000000000000000001110000110000000000000000001100000001100000000000000000110000000011000000000000000010000000000100000000000000001000000000011000000000000000100000000001100000000000000010000000000100000000000000000000000000010000000000000000000000000001000000000000000000000000001000000000000000000000000001100000000000000000000000000100000000000000000000000000100000000000000000000000000110000000000000000000000000110000000000000000000000001110000000000000000000001111111111111111100000000000110000000000000000000000000000000000000000000000000000000000000000000000000000000000000000000000000000000000000000000000000000000000000000000000000000000000000000
2
0000000000000000000000000000000000000000000000000000000000000000000000000000000000000000000000000000000000000000000000000011111110000000000000000000011000001110000000000000000011000000001000000000000000011000000000110000000000000001000000000001000000000000000100000000000100000000000000010000000000010000000000000001000000000001000000000000000000000000000100000000000000000000000000010000000000000000000000000011000000000000000000000000001000000000000000000000000001100000000000000000000000001100000000000000000000000001100000000000000000000000011100000000000000000000000011001000000000000000000001111111111111100000000000011110000000000000000000000000000000000000000000000000000000000000000000000000000000000000000000000000000000000000000000000000000000000000000000000000000000000000
2
0000000000000000000000000000000000000000000000000000000000000000000000000000000000000000000000000000000000000000000000001111111110000000000000000001100000001100000000000000000100000000010000000000000000110000000001000000000000000010000000000100000000000000001000000000010000000000000000100000000001000000000000000000000000000100000000000000000000000000010000000000000000000000000011000000000000000000000000001000000000000000000000000001000000000000000000000000001100000000000000000000000001100000000000000000000000011100000000000000000000000111111110000000000000000111111110001111111100000000011000000000000000000000000000000000000000000000000000000000000000000000000000000000000000000000000000000000000000000000000000000000000000000000000000000000000000000000000000000000000000000000
2
0000000000000000000000000000000000000000000000000000000000000000000000000000000000000000000000011111000000000000000000000111000111000000000000000000110000000110000000000000000010000000001000000000000000010000000000110000000000000001000000000001000000000000000100000000001100000000000000010000000000100000000000000000000000000010000000000000000000000000011000000000000000000000000001000000000000000000000000001100000000000000000000000001100000000000000000000000001100000000000000000000000001100000000000000000000000011100000000000000000000001111111111111111100000000011110000000000000000000000000000000000000000000000000000000000000000000000000000000000000000000000000000000000000000000000000000000000000000000000000000000000000000000000000000000000000000000000000000000000000000000000
2
0000000000000000000000000000000000000000000000000000000000000000000000000000000000000000000000000000000000000000000000000001111111000000000000000000011100000110000000000000000011000000001100000000000000011000000000010000000000000001000000000001000000000000000100000000000100000000000000000000000000110000000000000000000000000010000000000000000000000000011000000000000000000000000001000000000000000000000000001000000000000000000000000001100000000000000000000000001100000000000000000000000011100000000000000000000000011000000000000000000000011111111111111100000000000001000000000000011000000000000000000000000000000000000000000000000000000000000000000000000000000000000000000000000000000000000000000000000000000000000000000000000000000000000000000000000000000000000000000000000000000000
2
0000000000000000000000000000000000000000000000000000000000000000000000000000000000000000000000000000000000000000000000000011111100000000000000000000011000011100000000000000000011000000011000000000000000011000000000110000000000000001000000000001000000000000001100000000000100000000000000100000000000110000000000000000000000000010000000000000000000000000011000000000000000000000000001000000000000000000000000001100000000000000000000000001100000000000000000000000000100000000000000000000000000110000000000000000000000001100000000000000000000000001100000000000000000000001111111111111100000000000001100000000000011100000000000000000000000000000000000000000000000000000000000000000000000000000000000000000000000000000000000000000000000000000000000000000000000000000000000000000000000000000
2
0000000000000000000000000000000000000000000000000000000000000000000000000000000000000000000000000111100000000000000000000011100001100000000000000000011000000010000000000000000011000000001100000000000000001000000000010000000000000001100000000001000000000000000100000000000100000000000000010000000000010000000000000000000000000011000000000000000000000000001000000000000000000000000000100000000000000000000000000110000000000000000000000000010000000000000000000000000011000000000000000000000000011000000000000000000000000011000000000000000000000000111000000000000000000001111111111111111100000000011111100000000000000000000000000000000000000000000000000000000000000000000000000000000000000000000000000000000000000000000000000000000000000000000000000000000000000000000000000000000000000000
2
0000000000000000000000000000000000000000000000000000000000000000000000000000000000000000000000000000000000000000000000000000000000000000000000000000001111111000000000000000000011100000111000000000000000011000000000110000000000000001000000000001000000000000000100000000000100000000000000010000000000010000000000000011000000000011000000000000000000000000001000000000000000000000000000100000000000000000000000000110000000000000000000000000110000000000000000000000000110000000000000000000000000110000000000000000000000001110000000000000000000011111111110000000000000000001100000011111110000000000000000000000000001110000000000000000000000000000000000000000000000000000000000000000000000000000000000000000000000000000000000000000000000000000000000000000000000000000000000000000000000000000
2
0000000000000000000000000000000000000000000000000000000000000000000000000000000000000000000001111111000000000000000000001100000111000000000000000001100000000100000000000000001100000000011000000000000000100000000000100000000000000010000000000010000000000000001000000000001000000000000000100000000000100000000000000010000000000010000000000000000000000000011000000000000000000000000001000000000000000000000000001100000000000000000000000000100000000000000000000000000100000000000000000000000000110000000000000000000000000110000000000000000000000000110000000000000000000000011111111111111000000000000111100000000000110000000000000000000000000000000000000000000000000000000000000000000000000000000000000000000000000000000000000000000000000000000000000000000000000000000000000000000000000000
2
0000000000000000000000000000000000000000000000000000000000000000000000000000000000000000000000000000000000000000000000000011111100000000000000000000011000011000000000000000000110000000110000000000000000010000000001100000000000000011000000000010000000000000001000000000001000000000000000100000000000100000000000000010000000000010000000000000000000000000001000000000000000000000000001100000000000000000000000000100000000000000000000000000110000000000000000000000000110000000000000000000000000110000000000000000000000000110000000000000000000000001110000000000000000000000011111111111111000000000000111000000000000110000000000010000000000000000000000000000000000000000000000000000000000000000000000000000000000000000000000000000000000000000000000000000000000000000000000000000000000000000
2
0000000000000000000000000000000000000000000000000000000000000000000000000000000000000000000000000000000000000000000000000001111110000000000000000000011100001100000000000000000011000000011000000000000000001000000000100000000000000001100000000011000000000000000110000000000100000000000000000000000000100000000000000000000000000010000000000000000000000000011000000000000000000000000001000000000000000000000000001100000000000000000000000001100000000000000000000000000100000000000000000000000000110000000000000000000000000110000000000000000000000001100000000000000000000000011111000000000000000000000111111111111111000000000000000000000000000100000000000000000000000000000000000000000000000000000000000000000000000000000000000000000000000000000000000000000000000000000000000000000000000000
2
0000000000000000000000000000000000000000000000000000000000000000000000000000000000000000000000000000000000000000000000000011111110000000000000000000011000001110000000000000000011000000001100000000000000011000000000010000000000000001000000000001100000000000000100000000000010000000000000010000000000001000000000000000000000000000100000000000000000000000000110000000000000000000000000010000000000000000000000000011000000000000000000000000011000000000000000000000000011000000000000000000000000011000000000000000000000000011000000000000000000000000111000000000000000000000011111111111100000000000001111100000000011110000000000000000000000000000000000000000000000000000000000000000000000000000000000000000000000000000000000000000000000000000000000000000000000000000000000000000000000000000
2
0000000000000000000000000000000000000000000000000000000000000000000000000000000000000000000000000000000000000000000000000000000000000000000000000000011111100000000000000000000110000011100000000000000000010000000010000000000000000011000000001100000000000000001000000000010000000000000000100000000001000000000000000010000000000100000000000000000000000000110000000000000000000000000010000000000000000000000000001000000000000000000000000001000000000000000000000000001100000000000000000000000001100000000000000000000000001100000000000000000000000011100000000000000000000001111111111111000000000000001100000000000000000000000000000000000000000000000000000000000000000000000000000000000000000000000000000000000000000000000000000000000000000000000000000000000000000000000000000000000000000000
2
0000000000000000000000000000000000000000000000000000000000000000000000000000000000000000000000000000000000000000000000000011111100000000000000000000011000011000000000000000000011000000010000000000000000001000000000100000000000000000100000000011000000000000000010000000000100000000000000001000000000010000000000000000100000000001000000000000000010000000001100000000000000000000000000100000000000000000000000000110000000000000000000000000110000000000000000000000000110000000000000000000000000110000000000000000000000000110000000000000000000000000110000000000000000000000001110001100000000000000000111111111111111000000000000011000000000000000000000000000000000000000000000000000000000000000000000000000000000000000000000000000000000000000000000000000000000000000000000000000000000000000
2
0000000000000000000000000000000000000000000000000000000000000000000000000000000000000000000000000000000000000000000000000001110000000000000000000000111111111000000000000000000110000000110000000000000000110000000001000000000000000010000000000110000000000000001000000000001000000000000000100000000000100000000000000000000000000110000000000000000000000000010000000000000000000000000001000000000000000000000000001100000000000000000000000001100000000000000000000000001100000000000000000000000001100000000000000000000000001100000000000000000000000011111110000000000000000001111100000111111000000000001100000000000000110000000000000000000000000000000000000000000000000000000000000000000000000000000000000000000000000000000000000000000000000000000000000000000000000000000000000000000000000000
2
0000000000000000000000000000000000000000000000000000000000000000000000000000000000000000000000000000000000000000000000000001111100000000000000000000011100011100000000000000000011000000010000000000000000010000000001100000000000000001000000000010000000000000000100000000001000000000000000000000000000100000000000000000000000000011000000000000000000000000001000000000000000000000000000100000000000000000000000000010000000000000000000000000011000000000000000000000000001000000000000000000000000001100000000000000000000000001100000000000000000000000001100000000000000000000000011100000000000000000000001111110000000000000000000011110000111111110000000000000000000000000000000000000000000000000000000000000000000000000000000000000000000000000000000000000000000000000000000000000000000000000
2
0000000000000000000000000000000000000000000000000000000000000000000000000000000000000000000000000111000000000000000000000011100011000000000000000000111000000110000000000000000110000000001000000000000000010000000000110000000000000011000000000001000000000000001000000000000100000000000000100000000000010000000000000010000000000001000000000000000000000000000100000000000000000000000000110000000000000000000000000010000000000000000000000000010000000000000000000000000011000000000000000000000000011000000000000000000000000011000000000000000000000000111000000000000000000000001110000000000000000000000111111111111111100000000000000000000000000110000000000000000000000000000000000000000000000000000000000000000000000000000000000000000000000000000000000000000000000000000000000000000000000000
2
0000000000000000000000000000000000000000000000000000000000000000000000000000000000000000000000011100000000000000000000000111011110000000000000000000110000001100000000000000000110000000011000000000000000010000000000100000000000000001000000000010000000000000000100000000011000000000000000000000000001000000000000000000000000000100000000000000000000000000100000000000000000000000000110000000000000000000000000010000000000000000000000000011000000000000000000000000011000000000000000000000000011000000000000000000000000111000000000000000000000000111111111111000000000000001110000000000111100000000000100000000000000010000000000000000000000000000000000000000000000000000000000000000000000000000000000000000000000000000000000000000000000000000000000000000000000000000000000000000000000000000
2
0000000000000000000000000000000000000000000000000000000000000000000000000000000000000000000000011111110000000000000000000110000001110000000000000000110000000001000000000000000110000000000100000000000000010000000000010000000000000001000000000001000000000000000100000000000100000000000000000000000000010000000000000000000000000001000000000000000000000000001100000000000000000000000000100000000000000000000000000110000000000000000000000000110000000000000000000000000110000000000000000000000000110000000000000000000000000110000000000000000000000001110000000000000000000000111111111110000000000000000110000000001111100000000000000000000000000011000000000000000000000000000000000000000000000000000000000000000000000000000000000000000000000000000000000000000000000000000000000000000000000000
2
0000000000000000000000000000000000000000000000000000000000000000000111100000000000000000000001110011100000000000000000001100000011000000000000000000100000000110000000000000000100000000001000000000000000010000000000100000000000000001000000000010000000000000000100000000001000000000000000000000000000100000000000000000000000000100000000000000000000000000010000000000000000000000000011000000000000000000000000001000000000000000000000000001100000000000000000000000000100000000000000000000000000110000000000000000000000000110000000000000000000000000110000000000000000000000000111111110000000000000000111110000001111100000000000111100000000000010000000000000000000000000000000000000000000000000000000000000000000000000000000000000000000000000000000000000000000000000000000000000000000000000
2
0000000000000000000000000000000000000000000000000000000000000000000000000000000000000000000000000000000000000000000000000001111111000000000000000000011000000111000000000000000011000000000110000000000000001000000000001000000000000001100000000000100000000000000100000000000110000000000000010000000000010000000000000000000000000001000000000000000000000000001100000000000000000000000000100000000000000000000000000100000000000000000000000000110000000000000000000000000110000000000000000000000000110000000000000000000000000110000000000000000000000001110000000000000000000001111111111100000000000000000110000000001111100000000000000000000000000010000000000000000000000000000000000000000000000000000000000000000000000000000000000000000000000000000000000000000000000000000000000000000000000000
2
0000000000000000000000000000000000000000000000000000000000000000000000000000000000000000000000011111000000000000000000000111000111100000000000000001110000000011000000000000000100000000000110000000000000110000000000001000000000000010000000000001100000000000001000000000000100000000000000100000000000010000000000000000000000000011000000000000000000000000001000000000000000000000000001100000000000000000000000001100000000000000000000000001100000000000000000000000001100000000000000000000000001100000000000000000000000011111000000000000000000001111111111111100000000000000000000000000011110000000000000000000000000000000000000000000000000000000000000000000000000000000000000000000000000000000000000000000000000000000000000000000000000000000000000000000000000000000000000000000000000000000
2
0000000000000000000000000000000000000000000000000000000000000000000000000000000000000000000000000000000000000000000000000001111000000000000000000000011100111100000000000000000011000000011000000000000000011000000000100000000000000011000000000010000000000000001000000000001100000000000000100000000000010000000000000010000000000001000000000000000000000000001100000000000000000000000000100000000000000000000000000110000000000000000000000000110000000000000000000000000110000000000000000000000000110000000000000000000000000110000000000000000000000001110000000000000000000000001111111111111000000000000011100000000000000000000000011000000000000000000000000000000000000000000000000000000000000000000000000000000000000000000000000000000000000000000000000000000000000000000000000000000000000000
2
0000000000000000000000000000000000000000000000000000000000000000000000000000000000000000000000011111100000000000000000000111000011000000000000000000010000000100000000000000000010000000001000000000000000011000000000100000000000000001000000000010000000000000000100000000001000000000000000000000000000100000000000000000000000000110000000000000000000000000010000000000000000000000000011000000000000000000000000001000000000000000000000000001100000000000000000000000001100000000000000000000000001100000000000000000000000001100000000000000000000000001100000000000000000000000011100000000000000000000000011111111111110000000000000011100000000001110000000000000000000000000000000000000000000000000000000000000000000000000000000000000000000000000000000000000000000000000000000000000000000000000
2
0000000000000000000000000000000000000000000000000000000000000000000000000000000000000000000000000000000000000000000000000000000000000000000000000000001111111000000000000000000011100000111000000000000000011000000000100000000000000001000000000010000000000000000100000000001000000000000000110000000000100000000000000010000000000010000000000000000000000000001000000000000000000000000001100000000000000000000000001100000000000000000000000001100000000000000000000000001100000000000000000000000001100000000000000000000000011100000000000000000000001111111111111100000000000001110000000000011000000000000000000000000000000000000000000000000000000000000000000000000000000000000000000000000000000000000000000000000000000000000000000000000000000000000000000000000000000000000000000000000000000000
2
0000000000000000000000000000000000000000000000000000000000000000000000000000000000000000000000011110000000000000000000000111001110000000000000000000110000001110000000000000000010000000001000000000000000011000000000110000000000000001000000000001000000000000000100000000001100000000000000010000000000100000000000000000000000000010000000000000000000000000011000000000000000000000000011000000000000000000000000001000000000000000000000000001100000000000000000000000001100000000000000000000000001100000000000000000000000001000000000000000000000000011000000000000000000000000011000000000000000000000000111111111111111000000000000010000000000000000000000000000000000000000000000000000000000000000000000000000000000000000000000000000000000000000000000000000000000000000000000000000000000000000
2
0000000000000000000000000000000000000000000000000000000000000000000000000000000000000000000000000000000000000000000000000001111110000000000000000000001100001100000000000000000001000000011000000000000000001100000000110000000000000000100000000011000000000000000010000000001100000000000000001000000000100000000000000000100000000010000000000000000000000000011000000000000000000000000011000000000000000000000000011000000000000000000000000011000000000000000000000000011000000000000000000000000011000000000000000000000000011000000000000000000000000111000000000000000000000001111111111111111000000000000000000000000000000000000000000000000000000000000000000000000000000000000000000000000000000000000000000000000000000000000000000000000000000000000000000000000000000000000000000000000000000000
2
0000000000000000000000000000000000000000000000000000000000000000000000000000000000000000000000000000000000000000000000000011110000000000000000000000011000110000000000000000000011000001100000000000000000001000000011000000000000000001100000000110000000000000000100000000001000000000000000010000000000100000000000000000000000000010000000000000000000000000011000000000000000000000000001000000000000000000000000001100000000000000000000000000100000000000000000000000000100000000000000000000000000110000000000000000000000000110000000000000000000000000110000000000000000000000001111111100000000000000000011100000001111100000000000000000000000000000000000000000000000000000000000000000000000000000000000000000000000000000000000000000000000000000000000000000000000000000000000000000000000000000
2
0000000000000000000000000000000000000000000000000000000000000000000000000000000000000000000000000000000000000000000000000000000000000000000000000000001111111000000000000000000011100000110000000000000000011000000001100000000000000001000000000010000000000000000100000000001000000000000000110000000000110000000000000000000000000011000000000000000000000000001000000000000000000000000000100000000000000000000000000110000000000000000000000000110000000000000000000000000010000000000000000000000000011000000000000000000000000111000000000000000000000000110000000000000000000000001110000000000000000000000011111111111111000000000000000000000000000100000000000000000000000000000000000000000000000000000000000000000000000000000000000000000000000000000000000000000000000000000000000000000000000000
2
0000000000000000000000000000000000000000000000000000000000000000000000000000000000000000000000011110000000000000000000000111000110000000000000000000110000000110000000000000000110000000001000000000000000010000000000100000000000000001000000000010000000000000000100000000001000000000000000010000000000100000000000000000000000000010000000000000000000000000011000000000000000000000000011000000000000000000000000001000000000000000000000000011100000000000000000000000011000000000000000000000000011000000000000000000000000111000000000000000000000001110000000000000000000000001111111111111000000000000000000000000000111110000000000000000000000000000000000000000000000000000000000000000000000000000000000000000000000000000000000000000000000000000000000000000000000000000000000000000000000000000
2
0000000000000000000000000000000000000000000000000000000000000000000000000000000000000000000000000100000000000000000000000011111100000000000000000000011000011100000000000000000011000000010000000000000000011000000001100000000000000001000000000100000000000000000100000000010000000000000000000000000001000000000000000000000000001100000000000000000000000000100000000000000000000000000110000000000000000000000000110000000000000000000000000010000000000000000000000000011000000000000000000000000011000000000000000000000000011000000000000000000000000111000000000000000000000001111110000000000000000000000000001111110000000000000000000000000000111000000000000000000000000000000000000000000000000000000000000000000000000000000000000000000000000000000000000000000000000000000000000000000000000000
2
0000000000000000000000000000000000000000000000000000000000000000000000000000000000000000000000000000000000000000000000000001111111000000000000000000001100000110000000000000000001100000001100000000000000001100000000010000000000000000100000000001100000000000000010000000000010000000000000001000000000011000000000000000000000000001000000000000000000000000000100000000000000000000000000110000000000000000000000000010000000000000000000000000011000000000000000000000000011000000000000000000000000011000000000000000000000000001000000000000000000000000011000000000000000000000000011000000000000000000000011111111111100000000000000001100000000011110000000000000000000000000000000000000000000000000000000000000000000000000000000000000000000000000000000000000000000000000000000000000000000000000
2
0000000000000000000000000000000000000000000000000000000000000000000000000000000000000000000000000000000000000000000000000000011100000000000000000000001111011110000000000000000001100000001100000000000000001100000000011000000000000000100000000000100000000000000010000000000010000000000000011000000000001000000000000001000000000000100000000000000000000000000010000000000000000000000000011000000000000000000000000001000000000000000000000000001100000000000000000000000000100000000000000000000000000110000000000000000000000000110000000000000000000000000110000000000000000000000001110000000000000000000000011100000000000000000000001111111111111111000000000000000000000000000000000000000000000000000000000000000000000000000000000000000000000000000000000000000000000000000000000000000000000000
2
0000000000000000000000000000000000000000000000000000000000000000000000000000000000000000000000111111100000000000000000001110000011100000000000000000100000000010000000000000000010000000001100000000000000001000000000010000000000000000100000000001000000000000000010000000000100000000000000001000000000110000000000000000110000000010000000000000000000000000011000000000000000000000000001000000000000000000000000001100000000000000000000000001100000000000000000000000001100000000000000000000000001100000000000000000000000011000000000000000000000000111000000000000000000000000111111111111000000000000000000000000000111110000000000000000000000000000000000000000000000000000000000000000000000000000000000000000000000000000000000000000000000000000000000000000000000000000000000000000000000000000
2
0000000000000000000000000000000000000000000000000000000000000000000000000000000000000000000000000000000000000000000000000001111111000000000000000000001100000110000000000000000001100000001100000000000000001100000000010000000000000000100000000001000000000000000010000000000100000000000000001000000000010000000000000000100000000001000000000000000000000000000100000000000000000000000000110000000000000000000000000010000000000000000000000000011000000000000000000000000001000000000000000000000000001100000000000000000000000001100000000000000000000000001100000000000000000000000011000000000000000000000111111111111000000000000000000000000000111110000000000000000000000000000000000000000000000000000000000000000000000000000000000000000000000000000000000000000000000000000000000000000000000000
2
0000000000000000000000000000000000000000000000000000000000000000000000000000000000000000000000000111000000000000000000000001110111000000000000000000001000000110000000000000000001100000001000000000000000001100000000110000000000000000100000000001000000000000000010000000001100000000000000001000000000100000000000000000100000000010000000000000000000000000001000000000000000000000000001100000000000000000000000000100000000000000000000000000100000000000000000000000000110000000000000000000000000110000000000000000000000000110000000000000000000000001110000000000000000000000111100000000000000000000000111111111100000000000000000000000000011111100000000000000000000000000000000000000000000000000000000000000000000000000000000000000000000000000000000000000000000000000000000000000000000000000
2
0000000000000000000000000000000000000000000000000000000000000000000000000000000000000000000001111110000000000000000000001000000111000000000000000001000000000110000000000000000100000000001000000000000000010000000000100000000000000001000000000010000000000000000100000000001000000000000000010000000000100000000000000000000000000110000000000000000000000000010000000000000000000000000001000000000000000000000000001100000000000000000000000000100000000000000000000000000110000000000000000000000000010000000000000000000000000010000000000000000000000000011000000000000000000000000111000000000000000000000011111111111110000000000000001100000000001100000000000000000000000000000000000000000000000000000000000000000000000000000000000000000000000000000000000000000000000000000000000000000000000000
2
0000000000000000000000000000000000000000000000000000000000000000000000000000000000000000000000000000000000000000000000000001110000000000000000000000111111111000000000000000000110000000110000000000000000010000000001100000000000000001000000000010000000000000000100000000011000000000000000010000000001000000000000000001000000000100000000000000000000000000110000000000000000000000000110000000000000000000000000010000000000000000000000000011000000000000000000000000011000000000000000000000000001000000000000000000000000011100000000000000000000000011000000000000000000000001111111111100010000000000000000000000011111100000000000000000000000000000000000000000000000000000000000000000000000000000000000000000000000000000000000000000000000000000000000000000000000000000000000000000000000000000
2
0000000000000000000000000000000000000000000000000000000000000000000000000000000000000000000000011110000000000000000000001111001111000000000000000000100000000110000000000000000110000000001100000000000000010000000000010000000000000001000000000001000000000000000100000000000100000000000000010000000000010000000000000001000000000011000000000000000000000000001000000000000000000000000000100000000000000000000000000110000000000000000000000000010000000000000000000000000011000000000000000000000000011000000000000000000000000011000000000000000000000000011000000000000000000000001111000000000000000000000011111111100000000000000000000000000011111100000000000000000000000000000000000000000000000000000000000000000000000000000000000000000000000000000000000000000000000000000000000000000000000000
2
0000000000000000000000000000000000000000000000000000000000000000000000000000000000000000000000111111100000000000000000001110000011000000000000000001100000000110000000000000000100000000001000000000000000010000000000100000000000000001000000000010000000000000000100000000001000000000000000011000000000100000000000000000100000000010000000000000000000000000011000000000000000000000000001000000000000000000000000001100000000000000000000000001100000000000000000000000001100000000000000000000000001100000000000000000000000011100000000000000000000000111000000000000000000000001111111111000000000000000000000000000011111100000000000000000000000000000000000000000000000000000000000000000000000000000000000000000000000000000000000000000000000000000000000000000000000000000000000000000000000000000
2
0000000000000000000000000000000000000000000000000000000000000000000000000000000000000000000000111111100000000000000000000110000011100000000000000000110000000010000000000000000010000000001100000000000000001000000000010000000000000000100000000001000000000000000010000000000100000000000000001000000000010000000000000000100000000001000000000000000000000000001100000000000000000000000000100000000000000000000000000010000000000000000000000000011000000000000000000000000011000000000000000000000000001000000000000000000000000001100000000000000000000000011100000000000000000000000011000000000000000000000011111111111001000000000000000000000001111100000000000000000000000000000000000000000000000000000000000000000000000000000000000000000000000000000000000000000000000000000000000000000000000000
2
0000000000000000000000000000000000000000000000000000000000000000000000000000000000000000000000000000000000000000000000000011111000000000000000000000011000111000000000000000000011000000110000000000000000011000000001000000000000000001000000000100000000000000000100000000010000000000000000010000000001000000000000000001100000000100000000000000000010000000010000000000000000000000000011000000000000000000000000001000000000000000000000000001100000000000000000000000001100000000000000000000000001100000000000000000000000001100000000000000000000000011100000000000000000000001111111111111111000000000000000000000000000000000000000000000000000000000000000000000000000000000000000000000000000000000000000000000000000000000000000000000000000000000000000000000000000000000000000000000000000000000
2
0000000000000000000000000000000000000000000000000000000000000000000000000000000000000000000000000000000000000000000000000000000000000000000000000000000000000000000000000000000001111111000000000000000000001110000110000000000000000000100000001100000000000000000010000000010000000000000000001000000001000000000000000000100000000100000000000000000000000000010000000000000000000000000001000000000000000000000000000100000000000000000000000000010000000000000000000000000011000000000000000000000000011000000000000000000000000001000000000000000000000000011100000000000000000000000011000000000000000000000001111111111110000000000000011110000000000000000000000000000000000000000000000000000000000000000000000000000000000000000000000000000000000000000000000000000000000000000000000000000000000000
2
0000000000000000000000000000000000000000000000000000000000000000000000000000000000000000000000000000000000000000000000000011111110000000000000000000011000000110000000000000000011000000001000000000000000001000000000010000000000000001100000000001000000000000000100000000000100000000000000010000000000010000000000000001100000000001000000000000000010000000000100000000000000000000000000110000000000000000000000000010000000000000000000000000001000000000000000000000000001100000000000000000000000001100000000000000000000000001100000000000000000000000001100000000000000000000000001100000000000000000000000011111111111000000000000001111110000000000000000000000000000000000000000000000000000000000000000000000000000000000000000000000000000000000000000000000000000000000000000000000000000000000
2
0000000000000000000000000000000000000000000000000000000000000000000000000000000000000000000000000000000000000000000000000001111000000000000000000000111000111100000000000000000110000000011000000000000000010000000000100000000000000001000000000011000000000000000100000000000100000000000000010000000000010000000000000001000000000001000000000000000100000000000100000000000000000000000000010000000000000000000000000010000000000000000000000000001000000000000000000000000001000000000000000000000000001100000000000000000000000001100000000000000000000000001100000000000000000000000011111111110000000000000001111111000000000000000000001110000000000000000000000000000000000000000000000000000000000000000000000000000000000000000000000000000000000000000000000000000000000000000000000000000000000000
2
0000000000000000000000000000000000000000000000000000000000000000000000000000000000000000000000000000000000000000000000000000000000000000000000000000000111110000000000000000000000110001110000000000000000000110000001100000000000000000010000000010000000000000000001000000001100000000000000000100000000010000000000000000010000000001000000000000000001000000000100000000000000000000000000110000000000000000000000000010000000000000000000000000011000000000000000000000000001000000000000000000000000001100000000000000000000000001100000000000000000000000001100000000000000000000000011100000000000000000000000111100000000000000000000011111111111111100000000000000000000000000000000000000000000000000000000000000000000000000000000000000000000000000000000000000000000000000000000000000000000000000
2
0000000000000000000000000000000000000000000000000000000000000000000000000000000000000000000000000000000000000000000000000000000000000000000000000000000011111000000000000000000000111000110000000000000000000110000001100000000000000000110000000011000000000000000010000000000100000000000000001000000000011000000000000000100000000000100000000000000000000000000010000000000000000000000000001000000000000000000000000000100000000000000000000000000110000000000000000000000000110000000000000000000000000110000000000000000000000000110000000000000000000000011110000000000000000000111111100000000000000000000000000011111110000000000000000000000000000000000000000000000000000000000000000000000000000000000000000000000000000000000000000000000000000000000000000000000000000000000000000000000000000000
2
0000000000000000000000000000000000000000000000000000000000000000000000000000000000000000000000000000000000000000000000000000000000000000000000000000000111111000000000000000000000110000111000000000000000000010000000110000000000000000010000000001000000000000000001000000000100000000000000000100000000010000000000000000010000000001000000000000000001100000001100000000000000000000000000100000000000000000000000000100000000000000000000000000110000000000000000000000000110000000000000000000000000110000000000000000000000000110000000000000000000000011100000000000000000000001111111111111100000000000000000000000000011100000000000000000000000000000000000000000000000000000000000000000000000000000000000000000000000000000000000000000000000000000000000000000000000000000000000000000000000000000
2
0000000000000000000000000000000000000000000000000000000000000000000000000000000000000000000000000000000000000000000000000000000000000000000000000000001111111000000000000000000001100000111000000000000000001000000000110000000000000000100000000001000000000000000010000000000110000000000000001000000000001000000000000000100000000000100000000000000010000000000010000000000000000000000000011000000000000000000000000001000000000000000000000000001100000000000000000000000000100000000000000000000000000110000000000000000000000000110000000000000000000000001110000000000000000000000001100000000000000000000111111111000000000000000000000000000111111110000000000000000000000000000000000000000000000000000000000000000000000000000000000000000000000000000000000000000000000000000000000000000000000000
2
0000000000000000000000000000000000000000000000000000000000000000000000000000000000000000000000000000000000000000000000000000000000000000000000000000000111110000000000000000000000110001111000000000000000000110000000111000000000000000010000000000110000000000000001000000000001000000000000000100000000000100000000000000010000000000010000000000000001000000000001000000000000000000000000001000000000000000000000000001100000000000000000000000001100000000000000000000000001100000000000000000000000001100000000000000000000000001100000000000000000000000001100000000000000000000011111100000000000000000000011111111111110000000000000000000000000001111000000000000000000000000000000000000000000000000000000000000000000000000000000000000000000000000000000000000000000000000000000000000000000000000
2
0000000000000000000000000000000000000000000000000000000000000000000000000000000000000000000000000000000000000000000000000000000000000000000000000000000111100000000000000000000011110011100000000000000000011000000011000000000000000001000000000100000000000000000100000000010000000000000000010000000001100000000000000001000000000010000000000000000100000000011000000000000000011000000001000000000000000000000000000100000000000000000000000000110000000000000000000000000010000000000000000000000000011000000000000000000000000011000000000000000000000000110000000000000000000000011111111111111110000000000000000000000011111000000000000000000000000000000000000000000000000000000000000000000000000000000000000000000000000000000000000000000000000000000000000000000000000000000000000000000000000000
2
0000000000000000000000000000000000000000000000000000000000000000000000000000000000000000000000000000000000000000000000000010000000000000000000000000111111000000000000000000000110000011000000000000000000010000000100000000000000000011000000011000000000000000001000000000100000000000000000110000000110000000000000000000000000011000000000000000000000000001000000000000000000000000001100000000000000000000000000100000000000000000000000000110000000000000000000000000110000000000000000000000000110000000000000000000000000110000000000000000000000011111111111111100000000000001100000000000000000000000000000000000000000000000000000000000000000000000000000000000000000000000000000000000000000000000000000000000000000000000000000000000000000000000000000000000000000000000000000000000000000000000
2
0000000000000000000000000000000000000000000000000000000000000000000000000000000000000000000000000000000000000000000000000001111111000000000000000000001100000110000000000000000001100000001100000000000000001100000000010000000000000000100000000000100000000000000010000000000010000000000000001000000000001000000000000000100000000000100000000000000011000000000110000000000000000000000000010000000000000000000000000001000000000000000000000000001000000000000000000000000001100000000000000000000000001100000000000000000000000001100000000000000000000000001100000000000000000000000011100000000000000000000001111111111111000000000000000000000000000000000000000000000000000000000000000000000000000000000000000000000000000000000000000000000000000000000000000000000000000000000000000000000000000000
2
0000000000000000000000000000000000000000000000000000000000000000000000000000000000000000000000000000000000000000000000000011110000000000000000000000011001111000000000000000000011000000110000000000000000001000000001000000000000000001100000000100000000000000000100000000010000000000000000010000000001000000000000000001100000000100000000000000000000000000010000000000000000000000000011000000000000000000000000001000000000000000000000000001100000000000000000000000001100000000000000000000000001100000000000000000000000001100000000000000000000000001100000000000000000000000011100000000000000000000000111111111111111000000000000000000000000000000000000000000000000000000000000000000000000000000000000000000000000000000000000000000000000000000000000000000000000000000000000000000000000000000
2
0000000000000000000000000000000000000000000000000000000000000000000000000000000000000000000000000000000000000000000000000000000000000000000000000000111111111000000000000000000110000000110000000000000000010000000001000000000000000011000000000100000000000000001000000000011000000000000000100000000000100000000000000000000000000010000000000000000000000000001000000000000000000000000000100000000000000000000000000110000000000000000000000000010000000000000000000000000011000000000000000000000000011000000000000000000000000011000000000000000000000000110000000000000000000000011110000000000000000000001111111100000000000000000000000000011111111100000000000000000000000000000000000000000000000000000000000000000000000000000000000000000000000000000000000000000000000000000000000000000000000000
2
0000000000000000000000000000000000000000000000000000000000000000000000000000000000000000000000000000000000000000000000000000000000000000000000000000011111110000000000000000000011000001110000000000000000011000000001100000000000000001000000000010000000000000000100000000001000000000000000000000000000100000000000000000000000000010000000000000000000000000001000000000000000000000000000100000000000000000000000000110000000000000000000000000010000000000000000000000000011000000000000000000000000011000000000000000000000000011000000000000000000000000111000000000000000000000001110000000000000000000000111111111111111110000000000010000000000000000000000000000000000000000000000000000000000000000000000000000000000000000000000000000000000000000000000000000000000000000000000000000000000000000
2
0000000000000000000000000000000000000000000000000000000000000000000000000000000000000000000000000000000000000000000000000000000000000000000000000000000111100000000000000000000011100011100000000000000000001000000011000000000000000001000000000100000000000000000100000000010000000000000000000000000001100000000000000000000000000100000000000000000000000000010000000000000000000000000011000000000000000000000000001000000000000000000000000001100000000000000000000000001100000000000000000000000001100000000000000000000000001100000000000000000000000001100000000000000000000001111111111000000000000000000100000000011111100000000000000000000000000000000000000000000000000000000000000000000000000000000000000000000000000000000000000000000000000000000000000000000000000000000000000000000000000000
2
0000000000000000000000000000000000000000000000000000000000000000000000000000000000000000000000000000000000000000000000000000000000000000000000000000000111111000000000000000000001100001110000000000000000001100000001000000000000000000100000000010000000000000000110000000001000000000000000010000000000100000000000000001000000000010000000000000000000000000001000000000000000000000000000100000000000000000000000000110000000000000000000000000010000000000000000000000000011000000000000000000000000011000000000000000000000000011000000000000000000000000111000000000000000000000011111111111111000000000000011100000000111100000000000000000000000000000000000000000000000000000000000000000000000000000000000000000000000000000000000000000000000000000000000000000000000000000000000000000000000000000
2
0000000000000000000000000000000000000000000000000000000000000000000000000000000000000000000000000000000000000000000000000011111000000000000000000000111000111000000000000000000010000000111000000000000000011000000000100000000000000001000000000010000000000000000100000000001000000000000000010000000000100000000000000000000000000010000000000000000000000000001000000000000000000000000001000000000000000000000000001100000000000000000000000000100000000000000000000000000110000000000000000000000000110000000000000000000000000110000000000000000000000001110000000000000000000000111111111110000000000000000110000000001111100000000000000000000000000000000000000000000000000000000000000000000000000000000000000000000000000000000000000000000000000000000000000000000000000000000000000000000000000000
2
0000000000000000000000000000000000000000000000000000000000000000000000000000000000000000000000000000000000000000000000000000000000000000000000000000011111110000000000000000000111000001100000000000000000010000000011000000000000000011000000000100000000000000001000000000010000000000000000000000000001000000000000000000000000000100000000000000000000000000010000000000000000000000000011000000000000000000000000001000000000000000000000000001000000000000000000000000001100000000000000000000000001100000000000000000000000001100000000000000000000000011000000000000000000000001111111111111110000000000000110000000000000000000000000000000000000000000000000000000000000000000000000000000000000000000000000000000000000000000000000000000000000000000000000000000000000000000000000000000000000000000
2
0000000000000000000000000000000000000000000000000000000000000000000000000000000000000000000000000000000000000000000000000111111110000000000000000000110000001110000000000000000010000000001100000000000000010000000000010000000000000001000000000001000000000000000100000000000100000000000000000000000000010000000000000000000000000001000000000000000000000000001000000000000000000000000001100000000000000000000000000100000000000000000000000000110000000000000000000000000110000000000000000000000000110000000000000000000000000110000000000000000000000000110000000000000000000000000110000000000000000000000001111111111111000000000000001100000000000111000000000000000000000000000000000000000000000000000000000000000000000000000000000000000000000000000000000000000000000000000000000000000000000000
2
0000000000000000000000000000000000000000000000000000000000000000000000000000000000000000000000000000000000000000000000000000000000000000000000000000011111110000000000000000000011000001100000000000000000011000000010000000000000000001000000001100000000000000000100000000010000000000000000000000000001000000000000000000000000000100000000000000000000000000110000000000000000000000000010000000000000000000000000011000000000000000000000000001000000000000000000000000001100000000000000000000000001100000000000000000000000000100000000000000000000000001100000000000000000000000001110000000000000000000000111111111111111110000000001111100000000000000000000000110000000000000000000000000000000000000000000000000000000000000000000000000000000000000000000000000000000000000000000000000000000000000
2
0000000000000000000000000000000000000000000000000000000000000000000000000000000000000000000000000000000000000000000000000000000000000000000000000000011111110000000000000000000011000001100000000000000000011000000011000000000000000001000000000100000000000000000100000000010000000000000000000000000001000000000000000000000000000100000000000000000000000000010000000000000000000000000011000000000000000000000000001000000000000000000000000001100000000000000000000000001100000000000000000000000001100000000000000000000000001100000000000000000000000001100000000000000000000000001100000000000000000000000111111111111000000000000000111000000000111110000000000000000000000000000000000000000000000000000000000000000000000000000000000000000000000000000000000000000000000000000000000000000000000000
2
0000000000000000000000000000000000000000000000000000000000000000000000000000000000000000000000011100000000000000000000000111011000000000000000000000110000011000000000000000000110000000110000000000000000010000000001000000000000000001000000000110000000000000000100000000001000000000000000000000000000100000000000000000000000000110000000000000000000000000010000000000000000000000000001000000000000000000000000001100000000000000000000000001100000000000000000000000001100000000000000000000000001100000000000000000000000001100000000000000000000000001100000000000000000000001111111111100000000000000000100000000011111000000000000000000000000000100000000000000000000000000000000000000000000000000000000000000000000000000000000000000000000000000000000000000000000000000000000000000000000000000
2
0000000000000000000000000000000000000000000000000000000000000000000000000000000000000000000000000000000000000000000000001111111100000000000000000001100000011100000000000000000100000000011000000000000000010000000000100000000000000001000000000011000000000000000100000000001100000000000000000000000000110000000000000000000000000011000000000000000000000000001000000000000000000000000000100000000000000000000000000110000000000000000000000000010000000000000000000000000010000000000000000000000000011000000000000000000000000110000000000000000000000001110000000000000000000001111111110000000000000000000000000001111111000000000000000000000000000100000000000000000000000000000000000000000000000000000000000000000000000000000000000000000000000000000000000000000000000000000000000000000000000000
2
0000000000000000000000000000000000000000000000000000000000000000000000000000000000000000000000000000000000000000000000000001111100000000000000000000011100011100000000000000000011000000011000000000000000001000000000100000000000000001100000000010000000000000000100000000001100000000000000010000000000100000000000000000000000000010000000000000000000000000001000000000000000000000000000100000000000000000000000000100000000000000000000000000110000000000000000000000000110000000000000000000000000010000000000000000000000000011000000000000000000000000110000000000000000000000000110000000000000000000000011111111111110000000000000011000000000001110000000000000000000000000000000000000000000000000000000000000000000000000000000000000000000000000000000000000000000000000000000000000000000000000
2
0000000000000000000000000000000000000000000000000000000000000000000000000000000000000000000000000000000000000000000000000111111000000000000000000000110000111000000000000000000010000000110000000000000000011000000000100000000000000001000000000010000000000000000100000000001000000000000000000000000000100000000000000000000000000010000000000000000000000000010000000000000000000000000011000000000000000000000000001000000000000000000000000001100000000000000000000000001100000000000000000000000001100000000000000000000000001100000000000000000000000011100000000000000000000000111100000000000000000000001110011111110000000000000000000000000001110000000000000000000000000000000000000000000000000000000000000000000000000000000000000000000000000000000000000000000000000000000000000000000000000000
2
0000000000000000000000000000000000000000000000000000000000000000000000000000000000000000000000000000000000000000000000000011111000000000000000000000111000111000000000000000000110000000110000000000000000110000000001100000000000000010000000000010000000000000001000000000001000000000000001100000000000100000000000000000000000000010000000000000000000000000001000000000000000000000000001100000000000000000000000000100000000000000000000000001100000000000000000000000001100000000000000000000000011100000000000000000000000111000000000000000000000001110000000000000000000000011111111100000000000000000000000000001111111100000000000000000000000000000000000000000000000000000000000000000000000000000000000000000000000000000000000000000000000000000000000000000000000000000000000000000000000000000
2
0000000000000000000000000000000000000000000000000000000000000000000000000000000000000000000000000000000000000000000000000000000000000000000000000000011111100000000000000000000011000011100000000000000000011000000011000000000000000001000000000100000000000000001100000000011000000000000000100000000000100000000000000011000000000010000000000000000100000000011000000000000000000000000001000000000000000000000000000100000000000000000000000000110000000000000000000000000110000000000000000000000000010000000000000000000000000010000000000000000000000000111000000000000000000000000110000000000000000000000011111000000000000000000000001011111111111100000000000000000000000000000000000000000000000000000000000000000000000000000000000000000000000000000000000000000000000000000000000000000000000000
2
0000000000000000000000000000000000000000000000000000000000000000000000000000000000000000000000000000000000000000000000000000110000000000000000000000011111110000000000000000000011000001100000000000000000001000000011000000000000000001100000000100000000000000000100000000011000000000000000010000000000100000000000000000000000000010000000000000000000000000001000000000000000000000000000100000000000000000000000000010000000000000000000000000001000000000000000000000000001100000000000000000000000000100000000000000000000000000110000000000000000000000000110000000000000000000000000110000000000000000000000000110000000000000000000000001100000000110000000000000111111111111111100000000000000000000000000000000000000000000000000000000000000000000000000000000000000000000000000000000000000000000
2
0000000000000000000000000000000000000000000000000000000000000000000000000000000000000000000000000000000000000000000000000000000000000000000000000000011111100000000000000000000011000011000000000000000000011000000110000000000000000001000000001000000000000000001100000000110000000000000000100000000001000000000000000010000000001100000000000000000000000000100000000000000000000000000010000000000000000000000000011000000000000000000000000011000000000000000000000000001000000000000000000000000001100000000000000000000000001100000000000000000000000001100000000000000000000000001100000000000000000000000011111111111111000000000000000000000000000000000000000000000000000000000000000000000000000000000000000000000000000000000000000000000000000000000000000000000000000000000000000000000000000000
2
0000000000000000000000000000000000000000000000000000000000000000000000000000000000000000000000000000000000000000000000000111110000000000000000000001110000110000000000000000001100000001100000000000000000100000000010000000000000000110000000001100000000000000010000000000010000000000000000000000000001000000000000000000000000000100000000000000000000000000110000000000000000000000000010000000000000000000000000001000000000000000000000000001100000000000000000000000001100000000000000000000000000100000000000000000000000000110000000000000000000000000110000000000000000000000001110011111110000000000000011111111000000000000000000011100000000000000000000000000000000000000000000000000000000000000000000000000000000000000000000000000000000000000000000000000000000000000000000000000000000000000