3
0000000000000000000000000000000000000000000000000000000000000000000000000000000000000000000000000000000000000000000000000111111110000000000000000000110000001110000000000000000010000000001000000000000000001000000000100000000000000000000000000010000000000000000000000000001000000000000000000000000000100000000000000000000000000110000000000000000000000000110000000000000000000000001100000000000000000000000111100000000000000000000000011011100000000000000000000000000011000000000000000000000000000100000000000000000000000000010000000000000000000000000001000000000000000000000000000100000000000000000000000000110000000000000000010000000110000000000000000001111001110000000000000000000000111100000000000000000000000000000000000000000000000000000000000000000000000000000000000000000000000000
3
0000000000000000000000000000000000000000000000000000000000000000000000000000000000000000000001111100000000000000000000001100011100000000000000000000100000011000000000000000000000000000110000000000000000000000000001000000000000000000000000000100000000000000000000000000010000000000000000000000000011000000000000000000000000011000000000000000000000000111000000000000000000000011111000000000000000000000000000111100000000000000000000000000011000000000000000000000000000010000000000000000000000000001000000000000000000000000000100000000000000000000000000010000000000000000000000000011000000000000000000000000011000000000000000000000000111000000000000000000111111110000000000000000000000000000000000000000000000000000000000000000000000000000000000000000000000000000000000000000000000000000
3
0000000000000000000000000000000000000000000000000000000000000000000000000000000000000000000000111111100000000000000000000110000011000000000000000000110000000110000000000000000000000000001100000000000000000000000000010000000000000000000000000001000000000000000000000000001000000000000000000000000001100000000000000000000000001100000000000000000000000001100000000000000000000000011100000000000000000000000111111000000000000000000000000000111000000000000000000000000000110000000000000000000000000001100000000000000000000000000010000000000000000000000000011000000000000000000000000001000000000000000001000000001100000000000000000111000011100000000000000000000111111000000000000000000000000000000000000000000000000000000000000000000000000000000000000000000000000000000000000000000000000000
3
0000000000000000000000000000000000000000000000000000000000000000000000000000000000000000000001111111100000000000000000000110000011000000000000000000110000000110000000000000000000000000001000000000000000000000000000110000000000000000000000000010000000000000000000000000001000000000000000000000000001100000000000000000000000001100000000000000000000000011100000000000000000000000011000000000000000000000000011111000000000000000000000000000111000000000000000000000000000110000000000000000000000000001100000000000000000000000000010000000000000000000000000011000000000000000000000000011000000000000000010000000011000000000000000001110000111000000000000000000001111110000000000000000000000000000000000000000000000000000000000000000000000000000000000000000000000000000000000000000000000000000
3
0000000000000000000000000000000000000000000000000000000000000000000011100000000000000000000001111111100000000000000000000100000011100000000000000000000000000010000000000000000000000000001100000000000000000000000000010000000000000000000000000001000000000000000000000000001100000000000000000000000000100000000000000000000000000110000000000000000000000001110000000000000000000000001100000000000000000000000000011110000000000000000000000000001100000000000000000000000000010000000000000000000000000001100000000000000000000000000010000000000000000000000000011000000000000001000000000001000000000000000110000000001100000000000000001100000011100000000000000000011110111000000000000000000000001110000000000000000000000000000000000000000000000000000000000000000000000000000000000000000000000000
3
0000000000000000000000000000000000000000000000000000000000000000001111110000000000000000000001100001111000000000000000001100000000110000000000000000100000000001000000000000000000000000000100000000000000000000000000110000000000000000000000000010000000000000000000000000001000000000000000000000000001100000000000000000000000001100000000000000000000001111100000000000000000000000111111000000000000000000000000000111000000000000000000000000000110000000000000000000000000001000000000000000000000000000100000000000000000000000000110000000000000000000000000010000000000000001100000000011000000000000000011100000111000000000000000000011111111000000000000000000000000000000000000000000000000000000000000000000000000000000000000000000000000000000000000000000000000000000000000000000000000000000
3
0000000000000000000000000000000000000000000000000000000000000000000000000000000000000000000001111111100000000000000000011100000011000000000000000001000000000110000000000000000000000000001000000000000000000000000000100000000000000000000000000010000000000000000000000000011000000000000000000000000001000000000000000000000000011000000000000000000000000011100000000000000000000000011100000000000000000000000000011110000000000000000000000000001100000000000000000000000000011000000000000000000000000000100000000000000000000000000010000000000000010000000000011000000000000001100000000001000000000000000010000000001100000000000000001100000001100000000000000000011110011100000000000000000000011110000000000000000000000000000000000000000000000000000000000000000000000000000000000000000000000000
3
0000000000000000000000000000000000000000000000000000000000000000001111110000000000000000000011100000111000000000000000011000000000110000000000000001000000000001100000000000000000000000000010000000000000000000000000001000000000000000000000000000100000000000000000000000000010000000000000000000000000011000000000000000000000000011000000000000000000001110011000000000000000000000011111000000000000000000000000000110000000000000000000000000001100000000000000000000000000011000000000000000000000000001100000000000000110000000000110000000000000001000000000010000000000000000110000000011000000000000000001100000111000000000000000000001111110000000000000000000000000000000000000000000000000000000000000000000000000000000000000000000000000000000000000000000000000000000000000000000000000000000
3
0000000000000000000000000000000000000000000000000000000000000000000000000000000000000000000000111111000000000000000000001110000110000000000000000000100000001100000000000000000000000000010000000000000000000000000001000000000000000000000000000100000000000000000000000000010000000000000000000000000011000000000000000000000000111000000000000000000000000011100000000000000000000000000011100000000000000000000000000011000000000000000000000000000100000000000000000000000000011000000000000000000000000001100000000000000010000000000100000000000000001000000000010000000000000000110000000011000000000000000001000000011000000000000000000110000111000000000000000000001111110000000000000000000000000000000000000000000000000000000000000000000000000000000000000000000000000000000000000000000000000000
3
0000000000000000000000000000000000000000000000000000000000000000000001000000000000000000000001111111110000000000000000001100000001110000000000000000100000000001100000000000000010000000000010000000000000000000000000001000000000000000000000000000100000000000000000000000000110000000000000000000000000110000000000000000000000000110000000000000000000000001110000000000000000000000111100000000000000000000000000011110000000000000000000000000001100000000000000000000000000011000000000000000000000000000100000000000000000000000000010000000000000011000000000011000000000000000100000000001000000000000000011000000001000000000000000000011100111000000000000000000000011110000000000000000000000000000000000000000000000000000000000000000000000000000000000000000000000000000000000000000000000000000
3
0000000000000000000000000000000000000000000000000000000000000000000111111000000000000000000001110000110000000000000000001100000001100000000000000000100000000010000000000000000010000000001000000000000000000000000000100000000000000000000000000110000000000000000000000000110000000000000000000000000110000000000000000000000000110000000000000000000000001111100000000000000000000000000001110000000000000000000000000001100000000000000000000000000011000000000000000000000000000100000000000000000000000000010000000000000000000000000001000000000000001100000000001100000000000000010000000000100000000000000001100000000110000000000000000011110000110000000000000000000001111110000000000000000000000000000000000000000000000000000000000000000000000000000000000000000000000000000000000000000000000000
3
0000000000000000000000000000000000000000000000000000000000000000000111110000000000000000000001110000111000000000000000000100000000110000000000000000110000000000100000000000000011000000000010000000000000000000000000001000000000000000000000000000100000000000000000000000000110000000000000000000000000110000000000000000000000000110000000000000000000000001110000000000000000000000011100000000000000000000000000011100000000000000000000000000011000000000000000000000000000100000000000000011000000000011000000000000000100000000000100000000000000010000000000110000000000000001100000000110000000000000000011000000110000000000000000000111111110000000000000000000000000000000000000000000000000000000000000000000000000000000000000000000000000000000000000000000000000000000000000000000000000000000
3
0000000000000000000000000000000000000000000000000000000000000000000000000000000000000000000000111111110000000000000000001110000001100000000000000000100000000011000000000000000010000000000100000000000000000000000000010000000000000000000000000001000000000000000000000000001000000000000000000000000111000000000000000000000001110000000000000000000000001111100000000000000000000000000011100000000000000000000000000011000000000000000000000000000110000000000000000000000000001100000000000000000000000000010000000000000000000000000001000000000000000000000000000100000000000000010000000000110000000000000001100000000010000000000000000011000000011000000000000000000111111111000000000000000000000000000000000000000000000000000000000000000000000000000000000000000000000000000000000000000000000000
3
0000000000000000000000000000000000000000000000000000000000000000000000000000000000000000000000000000000000000000000000000111111111000000000000000000110000000110000000000000000010000000001000000000000000001000000000100000000000000000000000000010000000000000000000000000011000000000000000000000000001000000000000000000000000001100000000000000000000000011100000000000000000000000111100000000000000000000000000011100000000000000000000000000011000000000000000000000000000100000000000000000000000000010000000000000001000000000001000000000000000100000000000100000000000000011000000000010000000000000000100000000001000000000000000001100000001100000000000000000011110011100000000000000000000001111000000000000000000000000000000000000000000000000000000000000000000000000000000000000000000000000
3
0000000000000000000000000000000000000000000000000000000000000000000000000000000000000000000000011111100000000000000000000111000011000000000000000000110000000110000000000000000010000000001000000000000000000000000000100000000000000000000000000010000000000000000000000000001000000000000000000000000000100000000000000000000000000110000000000000000000000000110000000000000000000000011100000000000000000000000001111000000000000000000000000000111000000000000000000000000000110000000000000000000000000001000000000000000100000000000100000000000000010000000000010000000000000001100000000001000000000000000011000000001100000000000000000110000001100000000000000000000111111100000000000000000000000000000000000000000000000000000000000000000000000000000000000000000000000000000000000000000000000000
3
0000000000000000000000000000000000000000000000000000000000000000000000000000000000000000000000011111111100000000000000000011000000011000000000000000011000000000110000000000000011000000000001000000000000001000000000000100000000000000000000000000110000000000000000000000000010000000000000000000000000111000000000000000000000000110000000000000000000000011111000000000000000000000000000111000000000000000000000000000110000000000000000000000000001000000000000000000000000000100000000000000000000000000010000000000000011000000000001000000000000000100000000000100000000000000011000000000010000000000000000100000000010000000000000000011100000111000000000000000000011111110000000000000000000000000000000000000000000000000000000000000000000000000000000000000000000000000000000000000000000000000
3
0000000000000000000000000000000000000000000000000000000000000000000000000000000000000000000001111110000000000000000000001100001111000000000000000001100000000110000000000000000100000000001000000000000000110000000000100000000000000000000000000110000000000000000000000000010000000000000000000000000011000000000000000000000000011000000000000000000000011111000000000000000000000001111000000000000000000000000000111000000000000000000000000000110000000000000000000000000001000000000000000000000000000110000000000000000000000000001000000000000001000000000000100000000000000110000000000010000000000000001100000000001000000000000000011000000001100000000000000000111100001100000000000000000000011111100000000000000000000000000000000000000000000000000000000000000000000000000000000000000000000000
3
0000000000000000000000000000000000000000000000000000000000000000000000000000000000000000000000000100000000000000000000000111111111000000000000000000110000000110000000000000000010000000001100000000000000011000000000010000000000000000000000000001000000000000000000000000001100000000000000000000000001100000000000000000000000001100000000000000000000000011100000000000000000000000000111000000000000000000000000000110000000000000000000000000001000000000000000000000000000100000000000000000000000000010000000000000000100000000001000000000000000011000000001100000000000000000100000001100000000000000000011100011100000000000000000000001111000000000000000000000000000000000000000000000000000000000000000000000000000000000000000000000000000000000000000000000000000000000000000000000000000000000
3
0000000000000000000000000000000000000000000000000000000000000000000000000000000000000000000000011111100000000000000000000111000011100000000000000000110000000010000000000000000010000000000100000000000000011000000000010000000000000001100000000001000000000000000000000000000100000000000000000000000000110000000000000000000000000110000000000000000000000001110000000000000000000000001110000000000000000000000000001110000000000000000000000000001100000000000000000000000000011000000000000000000000000000100000000000000000000000000010000000000000000000000000001000000000000000110000000001100000000000000011100000000100000000000000000011000001110000000000000000000111111100000000000000000000000000000000000000000000000000000000000000000000000000000000000000000000000000000000000000000000000000
3
0000000000000000000000000000000000000000000000000000000000000000000000000000000000000000000000111111100000000000000000001110000011100000000000000001100000000011100000000000001100000000000010000000000000100000000000001000000000000000000000000000100000000000000000000000000010000000000000000000000000011000000000000000000000000011000000000000000000000111111000000000000000000000001111000000000000000000000000000110000000000000000000000000001100000000000000000000000000110000000000000000000000000001000000000000000000000000001100000000000000000000000000100000000000000000000000000110000000000000000011000000110000000000000000000111011110000000000000000000000111000000000000000000000000000000000000000000000000000000000000000000000000000000000000000000000000000000000000000000000000000000
3
0000000000000000000000000000000000000000000000000000000000000000000000000000000000000000000000111111100000000000000000000110000011000000000000000000110000000110000000000000000110000000001000000000000000010000000000100000000000000001000000000010000000000000000100000000001000000000000000000000000001100000000000000000000000011100000000000000000000000011000000000000000000000000011111000000000000000000000000000110000000000000000000000000001100000000000000000000000000011000000000000000000000000000100000000000000000000000000010000000000000011000000000001000000000000001100000000000100000000000000011000000000110000000000000000111000000110000000000000000000111111110000000000000000000000000000000000000000000000000000000000000000000000000000000000000000000000000000000000000000000000000
3
0000000000000000000000000000000000000000000000000000000000000000000000000000000000000000000000000000000000000000000000000011111111000000000000000000111000000110000000000000000110000000001100000000000000010000000000010000000000000000000000000001000000000000000000000000000100000000000000000000000000110000000000000000000000000110000000000000000000000000110000000000000000000000011100000000000000000000000000111110000000000000000000000000001100000000000000000000000000011000000000000000000000000000100000000000000000000000000010000000000000000000000000001000000000000000000000000000100000000000000000000000000110000000000000011000000001110000000000000000011110011100000000000000000000001111000000000000000000000000000000000000000000000000000000000000000000000000000000000000000000000000
3
0000000000000000000000000000000000000000000000000000000000000000000000000000000000000000000000000000000000000000000000000111111111000000000000000001110000000110000000000000000100000000001000000000000000010000000000100000000000000000000000000110000000000000000000000000110000000000000000000000000110000000000000000000000001110000000000000000000000001111111100000000000000000000000000011000000000000000000000000000100000000000000000000000000010000000000000000000000000001000000000000000000000000000100000000000000000000000000110000000000000000000000000010000000000000000000000000111000000000000000000110001110000000000000000000001111100000000000000000000000000000000000000000000000000000000000000000000000000000000000000000000000000000000000000000000000000000000000000000000000000000000
3
0000000000000000000000000000000000000000000000000000000000000000000000000000000000000000000000011111000000000000000000000111000111000000000000000000110000000100000000000000000010000000011000000000000000000000000000100000000000000000000000000110000000000000000000000000010000000000000000000000000011000000000000000000000000111000000000000000000000000110000000000000000000000001111111000000000000000000000000000111000000000000000000000000000100000000000000000000000000010000000000000000000000000001000000000000000000000000001100000000000000000000000000100000000000000000000000000110000000000000000000000001100000000000000000011111111100000000000000000000000110000000000000000000000000000000000000000000000000000000000000000000000000000000000000000000000000000000000000000000000000000000
3
0000000000000000000000000000000000000000000000000000000000000000000000000000000000000000000000000111111000000000000000000001110000110000000000000000011000000001000000000000000011000000000100000000000000001000000000010000000000000000100000000011000000000000000000000000011000000000000000000000000011000000000000000000000000011000000000000000000000000111000000000000000000000000000111100000000000000000000000000011000000000000000000000000000110000000000000000000000000001000000000000000000000000000100000000000000000000000000010000000000000000000000000011000000000000000010000000011000000000000000001110000011000000000000000000001110111000000000000000000000001110000000000000000000000000000000000000000000000000000000000000000000000000000000000000000000000000000000000000000000000000000
3
0000000000000000000000000000000000000000000000000000000000000000000011111100000000000000000000111000011000000000000000000110000000110000000000000000110000000001000000000000000010000000000110000000000000001000000000011000000000000000000000000001000000000000000000000000001100000000000000000000000001100000000000000000000000011100000000000000000000000111000000000000000000000000011110000000000000000000000000001110000000000000000000000000001100000000000000000000000000010000000000000000000000000001100000000000000000000000000010000000000000000000000000011000000000000000110000000001000000000000000001100000001100000000000000000011000001100000000000000000000111111100000000000000000000000000000000000000000000000000000000000000000000000000000000000000000000000000000000000000000000000000
3
0000000000000000000000000000000000000000000000000000000000000000000000000000000000000000000000001111100000000000000000000111100011000000000000000000110000000010000000000000000010000000001000000000000000001000000000100000000000000000000000000010000000000000000000000000011000000000000000000000000001000000000000000000000000011100000000000000000000000111111000000000000000000000000000111000000000000000000000000000110000000000000000000000000001100000000000000000000000000010000000000000000000000000011000000000000000000000000001000000000000000000000000001100000000000001100000000001100000000000000011000000011100000000000000000111111111000000000000000000000000000000000000000000000000000000000000000000000000000000000000000000000000000000000000000000000000000000000000000000000000000000
3
0000000000000000000000000000000000000000000000000000000000000000000001111110000000000000000000011100001100000000000000000110000000010000000000000000010000000001000000000000000011000000000100000000000000001100000000010000000000000000000000000011000000000000000000000000111000000000000000000000000110000000000000000000000001110000000000000000000000000101111000000000000000000000000000111000000000000000000000000000100000000000000000000000000010000000000000000000000000001100000000000000000000000000100000000000000000000000000010000000000000000000000000001000000000000001000000000001100000000000000111000000001100000000000000000110000011100000000000000000001111111000000000000000000000000000000000000000000000000000000000000000000000000000000000000000000000000000000000000000000000000000
3
0000000000000000000000000000000000000000000000000000000000000000000000000000000000000000000000001111100000000000000000000011110011100000000000000000011000000011000000000000000011000000000110000000000000001000000000001000000000000000000000000001100000000000000000000000000100000000000000000000000000110000000000000000000000001110000000000000000000000111100000000000000000000000000111000000000000000000000000000111000000000000000000000000000110000000000000000000000000001100000000000000000000000000110000000000000000000000000001000000000000000000000000001100000000000000110000000000100000000000000001100000000110000000000000000011100001110000000000000000000001111100000000000000000000000000000000000000000000000000000000000000000000000000000000000000000000000000000000000000000000000000
3
0000000000000000000000000000000000000000000000000000000000000000000000000000000000000000000000111111100000000000000000001110000011100000000000000001100000000010000000000000001100000000000100000000000000110000000000010000000000000000000000000001000000000000000000000000001100000000000000000000000001100000000000000000000000001100000000000000000000000011100000000000000000000000011111000000000000000000000000000110000000000000000000000000001000000000000000000000000000100000000000000000000000000010000000000000000000000000001000000000000000000000000001100000000000000000000000000100000000000000000011000000110000000000000000000111001100000000000000000000000111100000000000000000000000000000000000000000000000000000000000000000000000000000000000000000000000000000000000000000000000000000
3
0000000000000000000000000000000000000000000000000000000000000000000000000000000000000000000000001111100000000000000000000011100011100000000000000000011000000010000000000000000011000000001000000000000000000000000000100000000000000000000000000110000000000000000000000000110000000000000000000000000110000000000000000000000001110000000000000000000000000111110000000000000000000000000001110000000000000000000000000001000000000000000000000000000110000000000000000000000000001000000000000000000000000001100000000000000000000000000100000000000000000000000000110000000000000000000000000110000000000000000000011111110000000000000000000000000000000000000000000000000000000000000000000000000000000000000000000000000000000000000000000000000000000000000000000000000000000000000000000000000000000000
3
0000000000000000000000000000000000000000000000000000000000000000000000000000000000000000000000111111100000000000000000001110000001100000000000000000100000000001000000000000000000000000000100000000000000000000000000010000000000000000000000000011000000000000000000000000011000000000000000000000000111000000000000000000000001110000000000000000000000011111100000000000000000000000000001100000000000000000000000000011000000000000000000000000000110000000000000000000000000001000000000000000000000000000100000000000000000000000000010000000000000000000000000001000000000000000000000000000100000000000000000000000000100000000000000000000000000110000000000000000111000000110000000000000000000111111110000000000000000000000000000000000000000000000000000000000000000000000000000000000000000000000
3
0000000000000000000000000000000000000000000000000000000000000000000000000000000000000000000011111111110000000000000000011000000001100000000000000011000000000010000000000000001100000000001000000000000000000000000000100000000000000000000000000010000000000000000000000000011000000000000000000000000011000000000000000000000000011000000000000000000000000111110000000000000000000000000001110000000000000000000000000001100000000000000000000000000011000000000000000000000000000100000000000000000000000000010000000000000000000000000011000000000000000000000000011000000000000000110000000001000000000000000001110000011000000000000000000001111111000000000000000000000000000000000000000000000000000000000000000000000000000000000000000000000000000000000000000000000000000000000000000000000000000000
3
0000000000000000000000000000000000000000000000000000000000000000000001111100000000000000000001111100011100000000000000011100000000010000000000000011000000000001000000000000011000000000001100000000000000000000000001100000000000000000000000001100000000000000000000000001100000000000000000000000011100000000000000000000000011111111000000000000000000000000000110000000000000000000000000000100000000000000000000000000010000000000000000000000000001100000000000000000000000000010000000000000000000000000011000000000000000000000000001000000000000000000000000001100000000000000000000000001100000000000000010000000001100000000000000001110000001100000000000000000001111111000000000000000000000000000000000000000000000000000000000000000000000000000000000000000000000000000000000000000000000000000
3
0000000000000000000000000000000000000000000000000000000000000000000000000000000000000000000000000000000000000000000000000011111111000000000000000000111000000110000000000000000110000000001100000000000000010000000000011000000000000000000000000000100000000000000000000000000110000000000000000000000000010000000000000000000000000010000000000000000000000000110000000000000000000000001110000000000000000000000001111100000000000000000000000000011110000000000000000000000000001100000000000000000000000000010000000000000000000000000001000000000000000000000000000100000000000000000000000000110000000000000100000000000010000000000000011100000000011000000000000000011100000011000000000000000000011111111000000000000000000000000000000000000000000000000000000000000000000000000000000000000000000000
3
0000000000000000000000000000000000000000000000000000000000000000000000000000000000000000000000001100000000000000000000001111111111100000000000000001100000000011000000000000001100000000000110000000000000100000000000001000000000000000000000000001100000000000000000000000000100000000000000000000000000110000000000000000000000000110000000000000000000000000110000000000000000000000011111110000000000000000000000000001110000000000000000000000000001100000000000000000000000000010000000000000000000000000001000000000000000000000000000100000000000000000000000000110000000000000000000000000110000000000000000000000000110000000000000000000000000110000000000000000111000001110000000000000000000111111100000000000000000000000000000000000000000000000000000000000000000000000000000000000000000000000
3
0000000000000000000000000000000000000000000000000000000000000000000111111110000000000000000001110000001100000000000000001100000000001000000000000001100000000000100000000000000100000000000010000000000000000000000000011000000000000000000000000001000000000000000000000000001100000000000000000000000001100000000000000000000000001100000000000000000000000001100000000000000000000000111111100000000000000000000010000011000000000000000000000000000100000000000000000000000000011000000000000000000000000000100000000000000000000000000110000000000000000000000000010000000000000000000000000011000000000000001000000000011000000000000000111110000111000000000000000000001111110000000000000000000000000000000000000000000000000000000000000000000000000000000000000000000000000000000000000000000000000000
3
0000000000000000000000000000000000000000000000000000000000000000000000000000000000000000000000000000000000000000000000000001111111100000000000000000111000000011000000000000000110000000000110000000000000010000000000001000000000000000000000000001100000000000000000000000001100000000000000000000000001100000000000000000000000011100000000000000000000000111110000000000000000000000110001111000000000000000000000000000111000000000000000000000000000100000000000000000000000000011000000000000000000000000000100000000000000000000000000110000000000000000000000000010000000000000000000000000011000000000000011000000000011000000000000000111000000011000000000000000000011111111000000000000000000000000000000000000000000000000000000000000000000000000000000000000000000000000000000000000000000000000
3
0000000000000000000000000000000000000000000000000000000000000000001111110000000000000000000011100001110000000000000000011000000001100000000000000011000000000011000000000000001000000000000100000000000000000000000000110000000000000000000000000110000000000000000000000000110000000000000000000000000110000000000000000000000011110000000000000000000000001101111000000000000000000000000000111000000000000000000000000000110000000000000000000000000001000000000000000000000000000100000000000000000000000000010000000000000000000000000011000000000000000000000000001000000000000001000000000001100000000000000110000000011100000000000000001111000111100000000000000000000111110000000000000000000000000000000000000000000000000000000000000000000000000000000000000000000000000000000000000000000000000000
3
0000000000000000000000000000000000000000000000000000000000000000000000000000000000000000000000111111110000000000000000001110000000110000000000000001100000000001000000000000001100000000000100000000000000000000000000010000000000000000000000000001000000000000000000000000000100000000000000000000000000110000000000000000000000000010000000000000000000000000110000000000000000000000011111110000000000000000000011100000111000000000000000000000000000100000000000000000000000000010000000000000000000000000011000000000000000000000000001000000000000000000000000001100000000000010000000000001100000000000001100000000011100000000000000011111111111000000000000000000000000000000000000000000000000000000000000000000000000000000000000000000000000000000000000000000000000000000000000000000000000000000
3
0000000000000000000000000000000000000000000000000000000000000000000000000000000000000000000000011111111000000000000000000111000000110000000000000000110000000001100000000000000010000000000010000000000000000000000000011000000000000000000000000001000000000000000000000000000100000000000000000000000000110000000000000000000000000110000000000000000000000011111100000000000000000000000000011100000000000000000000000000010000000000000000000000000001100000000000000000000000000010000000000000000000000000001000000000000000000000000001100000000000000000000000000100000000000000011000000000110000000000000000110000000110000000000000000001110000110000000000000000000001111110000000000000000000000000000000000000000000000000000000000000000000000000000000000000000000000000000000000000000000000000
3
0000000000000000000000000000000000000000000000000000000000000000000011111110000000000000000000111000001100000000000000000110000000011000000000000000110000000000100000000000000010000000000010000000000000000000000000001000000000000000000000000001100000000000000000000000000100000000000000000000000000110000000000000000000000001100000000000000000000000011111100000000000000000000000000011100000000000000000000000000011000000000000000000000000000100000000000000000000000000010000000000000000000000000001000000000000000000000000000100000000000010000000000000110000000000001100000000000110000000000000011000000000110000000000000000111000000110000000000000000000111111110000000000000000000000000000000000000000000000000000000000000000000000000000000000000000000000000000000000000000000000000
3
0000000000000000000000000000000000000000000000000000000000000000000011111000000000000000000000111000110000000000000000000110000000110000000000000000110000000001000000000000000010000000000100000000000000000000000000010000000000000000000000000011000000000000000000000000001000000000000000000000000001100000000000000000000000011100000000000000000000000111111111000000000000000000000000000110000000000000000000000000001000000000000000000000000000110000000000000000000000000001000000000000000000000000001100000000000010000000000000100000000000001100000000000110000000000000011100000000110000000000000000011100001110000000000000000000011111100000000000000000000000000000000000000000000000000000000000000000000000000000000000000000000000000000000000000000000000000000000000000000000000000000
3
0000000000000000000000000000000000000000000000000000000000000000000000000000000000000000000000001111110000000000000000000011100001100000000000000000011000000011000000000000000011000000000100000000000000001100000000010000000000000000000000000011000000000000000000000000011000000000000000000000000011000000000000000000000000011000000000000000000000000011000000000000000000000001111111110000000000000000000000000001110000000000000000000000000001000000000000000000000000000100000000000000000000000000010000000000000000000000000011000000000000000000000000001000000000000000010000000001000000000000000001100000001100000000000000000011100001100000000000000000000011111100000000000000000000000000000000000000000000000000000000000000000000000000000000000000000000000000000000000000000000000000
3
0000000000000000000000000000000000000000000000000000000000000000001111100000000000000000000001100011100000000000000000011000000001100000000000000001000000000010000000000000000100000000000100000000000000000000000000010000000000000000000000000001000000000000000000000000001100000000000000000000000001100000000000000000000000011100000000000000000011111111000000000000000000001111001111000000000000000000000000000110000000000000000000000000001100000000000000000000000000010000000000000000000000000001000000000000000000000000000100000000000000000000000000010000000000000000000000000011000000000000000000000000001100000000000000000100000001100000000000000000011000001100000000000000000000111111000000000000000000000000000000000000000000000000000000000000000000000000000000000000000000000000
3
0000000000000000000000000000000000000000000000000000000000000000000000000000000000000000000000111111110000000000000000001110000001100000000000000000100000000011000000000000000000000000000100000000000000000000000000010000000000000000000000000001000000000000000000000000001000000000000000000000000001100000000000000000000000011100000000000000000000000011000000000000000000000011111111000000000000000000000000000111000000000000000000000000000100000000000000000000000000010000000000000000000000000001000000000000000000000000000100000000000000000000000000010000000000000000010000000001000000000000000001100000001100000000000000000011100000100000000000000000000011111110000000000000000000000000000000000000000000000000000000000000000000000000000000000000000000000000000000000000000000000000
3
0000000000000000000000000000000000000000000000000000000000000000000000000000000000000000000000011111110000000000000000000111000001110000000000000000110000000001100000000000000010000000000010000000000000000000000000001100000000000000000000000000100000000000000000000000000010000000000000000000000000011000000000000000000000000011000000000000000000001110011000000000000000000011111111110000000000000000000000000001100000000000000000000000000010000000000000000000000000001000000000000000000000000000100000000000000000000000000010000000000000000000000000011000000000000000000000000001000000000000000000000000001100000000000000000100000001100000000000000000011111001100000000000000000000000111100000000000000000000000000000000000000000000000000000000000000000000000000000000000000000000000
3
0000000000000000000000000000000000000000000000000000000000000000000000000000000000000000000001111111000000000000000000001100000110000000000000000000100000001100000000000000000000000000011000000000000000000000000001100000000000000000000000001100000000000000000000000001100000000000000000000000001100000000000000000000000011100000000000000000000011111111100000000000000000001100000011100000000000000000000000000011000000000000000000000000000110000000000000000000000000001000000000000000000000000000100000000000000000000000000110000000000000000000000000010000000000000000000000000010000000000000001100000000011000000000000000011111000011000000000000000000000111110000000000000000000000000000000000000000000000000000000000000000000000000000000000000000000000000000000000000000000000000000
3
0000000000000000000000000000000000000000000000000000000000000000000000000000000000000000000000001111100000000000000000000011100011000000000000000000011000000110000000000000000001000000001000000000000000001100000000100000000000000000000000000110000000000000000000000000110000000000000000000000000110000000000000000000000000110000000000000000000000001110000000000000000000000011111111100000000000000000001000000011000000000000000000000000000110000000000000000000000000001000000000000000000000000000100000000000000000000000000010000000000000000000000000011000000000000010000000000001000000000000001110000000011100000000000000001111000011000000000000000000000111111000000000000000000000000000000000000000000000000000000000000000000000000000000000000000000000000000000000000000000000000000
3
0000000000000000000000000000000000000000000000000000000000000000000000000000000000000000000000001111100000000000000000000111100011000000000000000000110000000110000000000000000010000000001000000000000000001000000000100000000000000000000000000010000000000000000000000000001000000000000000000000000001100000000000000000000000011000000000000000000000000111000000000000000000000001111111100000000000000000000000000011000000000000000000000000000110000000000000000000000000001000000000000000000000000000110000000000000000000000000001000000000000000000000000000100000000000000000000000000110000000000000000000000000010000000000000000110000000011000000000000000001111000111000000000000000000000111110000000000000000000000000000000000000000000000000000000000000000000000000000000000000000000000
3
0000000000000000000000000000000000000000000000000000000000000000000001100000000000000000000000111111100000000000000000001110000011100000000000000000110000000011000000000000000110000000000100000000000000000000000000010000000000000000000000000001000000000000000000000000001100000000000000000000000001100000000000000000000000001100000000000000000000000001100000000000000000000000011110000000000000000000000000001111000000000000000000000000000110000000000000000000000000001100000000000000000000000000010000000000000000000000000001000000000000010000000000000100000000000001000000000000010000000000000100000000000011000000000000011100000000001000000000000000011100000011100000000000000000011111111000000000000000000000000000000000000000000000000000000000000000000000000000000000000000000000
3
0000000000000000000000000000000000000000000000000000000000000000000001111000000000000000000000011100110000000000000000000011000000110000000000000000011000000001100000000000000011000000000011000000000000001000000000000100000000000000000000000000010000000000000000000000000011000000000000000000000000011000000000000000000000000111000000000000000000000011110000000000000000000000011111110000000000000000000000000001100000000000000000000000000011000000000000000000000000000100000000000000000000000000010000000000000000000000000001000000000000000000000000000100000000000001100000000000110000000000000011000000000010000000000000000110000000010000000000000000000110000011000000000000000000001111110000000000000000000000000100000000000000000000000000000000000000000000000000000000000000000000
3
0000000000000000000000000000000000000000000000000000000000000000000000000000000000000000000000111111110000000000000000001110000001100000000000000001100000000011000000000000000100000000000100000000000000110000000000010000000000000000000000000001000000000000000000000000000100000000000000000000000000100000000000000000000000001110000000000000000000000011100000000000000000000000011111110000000000000000000000000001000000000000000000000000000110000000000000000000000000001000000000000000000000000000100000000000000000000000000010000000000000010000000000011000000000000001100000000001000000000000000011000000001100000000000000000111000001100000000000000000000111111100000000000000000000000000000000000000000000000000000000000000000000000000000000000000000000000000000000000000000000000000
3
0000000000000000000000000000000000000000000000000000000000000000000011111100000000000000000000111000011100000000000000001110000000011000000000000000100000000000100000000000000110000000000010000000000000000000000000001000000000000000000000000001100000000000000000000000000100000000000000000000000001100000000000000000000000001100000000000000000000000111100000000000000000000001111011111000000000000000000000000000110000000000000000000000000001100000000000000000000000000010000000000000000000000000001000000000000000000000000000100000000000000000000000000110000000000000000000000000010000000000000000100000000011000000000000000011100000011000000000000000000011110011000000000000000000000001111000000000000000000000000000000000000000000000000000000000000000000000000000000000000000000000
3
0000000000000000000000000000000000000000000000000000000000000000000000000000000000000000000000111111100000000000000000001110000011000000000000000000100000000110000000000000000010000000001000000000000000000000000000100000000000000000000000000010000000000000000000000000011000000000000000000000000011000000000000000000000000011000000000000000000000000011000000000000000000000001111111000000000000000000000110000011000000000000000000010000000110000000000000000000000000001100000000000000000000000000010000000000000000000000000001000000000000000000000000000100000000000000000000000000110000000000001100000000000010000000000000011000000000010000000000000000011100000110000000000000000000011111110000000000000000000000000000000000000000000000000000000000000000000000000000000000000000000000
3
0000000000000000000000000000000000000000000000000000000000000000001111111110000000000000000001100000001110000000000000011100000000001100000000000011000000000000010000000000001000000000000011000000000001100000000000001100000000000000000000000001100000000000000000000000011100000000000000000000000111000000000000000000000011111111000000000000000000001000000111000000000000000000000000000110000000000000000000000000001100000000000000000000000000010000000000000000000000000001000000000000000000000000000100000000000010000000000000010000000000001100000000000011000000000000011100000000011000000000000000011100000011000000000000000000011111111000000000000000000000000000000000000000000000000000000000000000000000000000000000000000000000000000000000000000000000000000000000000000000000000000
3
0000000000000000000000000000000000000000000000000000000000000000000011111000000000000000000000111000110000000000000000001110000000100000000000000001100000000011000000000000000100000000000100000000000000010000000000110000000000000000000000000010000000000000000000000000011000000000000000000000000110000000000000000000000001111110000000000000000000001110001110000000000000000000000000001100000000000000000000000000010000000000000000000000000001000000000000000000000000000110000000000000000000000000011000000000000000000000000001000000000000000000000000000100000000000000100000000000010000000000000011000000000011000000000000000111000000011000000000000000000111111110000000000000000000000000000000000000000000000000000000000000000000000000000000000000000000000000000000000000000000000000
3
0000000000000000000000000000000000000000000000000000000000000000000111111000000000000000000001110000111000000000000000001100000000110000000000000001100000000001000000000000000100000000000100000000000000000000000000100000000000000000000000000010000000000000000000000000010000000000000000000000000011000000000000000000000000011000000000000000000000000111000000000000000000000001111100000000000000000000000100001110000000000000000000000000000110000000000000000000000000001100000000000000000000000000010000000000000000000000000001000000000000000000000000000100000000000000011000000000010000000000000001100000000001000000000000000011000000001100000000000000000111111111100000000000000000000000000000000000000000000000000000000000000000000000000000000000000000000000000000000000000000000000
3
0000000000000000000000000000000000000000000000000000000000000000000000000000000000000000000000011111111000000000000000000111000000100000000000000000110000000011000000000000000010000000000100000000000000000000000000010000000000000000000000000010000000000000000000000000011000000000000000000000000011000000000000000000000000111000000000000000000000001111111000000000000000000000100000111000000000000000000000000000100000000000000000000000000011000000000000000000000000000100000000000000000000000000010000000000000000000000000011000000000000110000000000001000000000000001000000000001100000000000000110000000001100000000000000001100000001100000000000000000011110011100000000000000000000001111000000000000000000000000000000000000000000000000000000000000000000000000000000000000000000000000
3
0000000000000000000000000000000000000000000000000000000000000000000000000000000000000000000000111111100000000000000000000110000011000000000000000000110000000100000000000000000010000000011000000000000000000000000000100000000000000000000000000010000000000000000000000000001000000000000000000000000001100000000000000000000000001100000000000000000000000011100000000000000000000000111111100000000000000000000000000011100000000000000000000000000011000000000000000000000000000100000000000000000000000000010000000000000100000000000001000000000000011000000000000100000000000000100000000000110000000000000011000000000110000000000000000111000000110000000000000000000111101110000000000000000000000011100000000000000000000000000000000000000000000000000000000000000000000000000000000000000000000000
3
0000000000000000000000000000000000000000000000000000000000000000000000011000000000000000000000011111111100000000000000000011000000011000000000000000011000000000110000000000000001000000000001000000000000000100000000000100000000000000000000000000010000000000000000000000000011000000000000000000000000011000000000000000000000000011000000000000000000000000011000000000000000000001111111100000000000000000000111110011100000000000000000000000000011000000000000000000000000000100000000000000000000000000010000000000000000000000000001000000000000001000000000001100000000000000100000000001100000000000000011100000001100000000000000000011100011100000000000000000000011111000000000000000000000000000000000000000000000000000000000000000000000000000000000000000000000000000000000000000000000000000
3
0000000000000000000000000000000000000000000000000000000000000000000000000000000000000000000000111111100000000000000000001110000011000000000000000001100000000100000000000000000100000000011000000000000000000000000001100000000000000000000000000100000000000000000000000000110000000000000000000000001110000000000000000000000011111000000000000000000001111100111000000000000000000110000000100000000000000000000000000011000000000000000000000000000100000000000000000000000000010000000000000000000000000001000000000000000000000000001100000000000000000000000000100000000000000000000000000110000000000000000000000000110000000000000000111000001110000000000000000000111111100000000000000000000000000000000000000000000000000000000000000000000000000000000000000000000000000000000000000000000000000000
3
0000000000000000000000000000000000000000000000000000000000000000000000000000000000000000000000111111100000000000000000001110000011100000000000000001100000000010000000000000000100000000001100000000000000000000000000110000000000000000000000000010000000000000000000000000011000000000000000000000000111000000000000000000000000110000000000000000000001111111110000000000000000000010000001110000000000000000000000000001000000000000000000000000000100000000000000000000000000010000000000000000000000000001000000000000000000000000000100000000000000010000000000110000000000000001100000000110000000000000000011111101110000000000000000000000011000000000000000000000000000000000000000000000000000000000000000000000000000000000000000000000000000000000000000000000000000000000000000000000000000000000
3
0000000000000000000000000000000000000000000000000000000000000000000000000000000000000000000000000110000000000000000000000011111111100000000000000000110000000011000000000000000010000000000100000000000000000000000000010000000000000000000000000011000000000000000000000000011000000000000000000000000001000000000000000000000000011000000000000000000000000111111000000000000000000001111000111100000000000000000000000000011000000000000000000000000000100000000000000000000000000011000000000000000000000000000100000000001000000000000000010000000000100000000000000011000000000011000000000000001100000000000110000000000011100000000000001110000000111000000000000000001111111110000000000000000000000000000000000000000000000000000000000000000000000000000000000000000000000000000000000000000000000000
3
0000000000000000000000000000000000000000000000000000000000000000000011111000000000000000000000111000111000000000000000001100000000110000000000000001100000000001000000000000001100000000000100000000000000000000000000010000000000000000000000000011000000000000000000000000011000000000000000000000000011000000000000000000000000111000000000000000000000011111110000000000000000000000000001110000000000000000000000000001100000000000000000000000000010000000000000000000000000001000000000000000000000000000100000000000000000000000000110000000000000000000000000010000000000000000000000000011000000000000001100000000011000000000000000011100000111000000000000000000011111110000000000000000000000000000000000000000000000000000000000000000000000000000000000000000000000000000000000000000000000000000
3
0000000000000000000000000000000000000000000000000000000000000000001111111000000000000000000001100000111000000000000000011000000000110000000000000001000000000001000000000000001100000000000100000000000000110000000000010000000000000000000000000011000000000000000000000000011000000000000000000000000001000000000000000000000000001100000000000000000000000011000000000000000000000001111111110000000000000000001110000001100000000000000000000000000010000000000000000000000000001000000000000000000000000000100000000000000000000000000010000000000000000000000000011000000000000000000000000011000000000000000011000000011000000000000000000111111111000000000000000000000000000000000000000000000000000000000000000000000000000000000000000000000000000000000000000000000000000000000000000000000000000000
3
0000000000000000000000000000000000000000000000000000000000000000000000000000000000000000000000011111000000000000000000001111000111000000000000000001100000000110000000000000001100000000001000000000000000100000000001100000000000000000000000000100000000000000000000000000110000000000000000000000000110000000000000000000000001110000000000000000000000111111110000000000000000000011000001110000000000000000000000000001000000000000000000000000000100000000000000000000000000010000000000000000000000000001000000000000000000000000000100000000000000000000000000110000000000000000000000000110000000000000001100000000110000000000000000011111111110000000000000000000000010000000000000000000000000000000000000000000000000000000000000000000000000000000000000000000000000000000000000000000000000000000
3
0000000000000000000000000000000000000000000000000000000000000000000000000000000000000000000000111111111100000000000000000110000000011000000000000000110000000000100000000000000110000000000010000000000000010000000000001000000000000001000000000000100000000000000000000000000010000000000000000000000000011000000000000000000000000001000000000000000000000000011000000000000000000011111111111100000000000000001111110000010000000000000000000000000001100000000000000000000000000110000000000000000000000000010000000000000000000000000001000000000000000000000000001100000000000000000000000001100000000000000011000000011100000000000000000111111111000000000000000000000000000000000000000000000000000000000000000000000000000000000000000000000000000000000000000000000000000000000000000000000000000000
3
0000000000000000000000000000000000000000000000000000000000000000000111111100000000000000000001110000011000000000000000001100000000100000000000000001100000000010000000000000000100000000011000000000000000000000000001000000000000000000000000001100000000000000000000000001100000000000000000000000001100000000000000000000000001111100000000000000000000111100011100000000000000000011000000011000000000000000000000000000110000000000000000000000000001000000000000000000000000001100000000000000000000000000100000000000000000000000000110000000000000000000000000110000000000000000000000000110000000000000001000000001110000000000000000111100111100000000000000000000011110000000000000000000000000000000000000000000000000000000000000000000000000000000000000000000000000000000000000000000000000000000
3
0000000000000000000000000000000000000000000000000000000000000000000000000000000000000000000000011111000000000000000000000111000110000000000000000001110000001000000000000000000100000000110000000000000000110000000001000000000000000010000000000100000000000000000000000000010000000000000000000000000011000000000000000000000000011000000000000000000000000011110000000000000000000011111111110000000000000000011100000001100000000000000000000000000010000000000000000000000000011000000000000000000000000001100000000000000000000000001100000000000000000000000000100000000000000000000000001110000000000000001000000001100000000000000000111111111100000000000000000000001000000000000000000000000000000000000000000000000000000000000000000000000000000000000000000000000000000000000000000000000000000000
3
0000000000000000000000000000000000000000000000000000000000000000000000000000000000000000000000111111100000000000000000001110000001110000000000000000100000000011000000000000000110000000000100000000000000010000000000110000000000000000000000000010000000000000000000000000011000000000000000000000000111000000000000000000000000111000000000000000000000011111111100000000000000000001000000011100000000000000000000000000011000000000000000000000000000100000000000000000000000000010000000000000000000000000001000000000000000000000000000100000000000000000000000000010000000000000000000000000011000000000000000000000000001000000000000000000000000001100000000000001111110000011100000000000000000001111111000000000000000000000000000000000000000000000000000000000000000000000000000000000000000000000
3
0000000000000000000000000000000000000000000000000000000000000000000000000000000000000000000000000000000000000000000000000011111110000000000000000000110000001100000000000000000110000000010000000000000000010000000011000000000000000011000000001000000000000000001000000001100000000000000000000000001100000000000000000000000001100000000000000000000000001100000000000000000000000001111111111000000000000000001100000000100000000000000000000000000010000000000000000000000000001000000000000000000000000001100000000000000000000000000100000000000000000000000000010000000000000001000000000010000000000000000110000000111000000000000000000111111110000000000000000000000000000000000000000000000000000000000000000000000000000000000000000000000000000000000000000000000000000000000000000000000000000000
3
0000000000000000000000000000000000000000000000000000000000000000000000000000000000000000000000111111000000000000000000000110000111100000000000000000110000000011000000000000000010000000000100000000000000001000000000010000000000000000110000000001000000000000000000000000000100000000000000000000000000100000000000000000000000000110000000000000000000000000110000000000000000000000001110000000000000000000000001111110000000000000000000000000001100000000000000000000000000011000000000000000000000000000100000000000000000000000000011000000000000000000000000001100000000000000000000000000100000000000001100000000000110000000000000011100000000110000000000000000011111111110000000000000000000000000000000000000000000000000000000000000000000000000000000000000000000000000000000000000000000000000
3
0000000000000000000000000000000000000000000000000000000000000000000011111000000000000000000000011000110000000000000000000110000001100000000000000000010000000001100000000000000011000000000110000000000000001000000000001000000000000000100000000000100000000000000000000000000010000000000000000000000000010000000000000000000000000011000000000000000000000000011000000000000000000000000011000000000000000000000011111110000000000000000000001100001110000000000000000000000000001100000000000000000000000000010000000000000000000000000001000000000000000000000000000100000000000000100000000000110000000000000011100000000010000000000000000011100000111000000000000000000011111110000000000000000000000000000000000000000000000000000000000000000000000000000000000000000000000000000000000000000000000000
3
0000000000000000000000000000000000000000000000000000000000000000000000000000000000000000000000111111100000000000000000000110000001000000000000000000110000000100000000000000000110000000011000000000000000010000000001100000000000000000000000000100000000000000000000000000110000000000000000000000000110000000000000000000000001110000000000000000000000111111111000000000000000000011000000111000000000000000000000000000100000000000000000000000000011000000000000000000000000000100000000000000000000000000010000000000000000000000000001000000000000000000000000001100000000000000000000000000100000000000000000000000000100000000000000110000000001110000000000000001111100011100000000000000000000001111000000000000000000000000000000000000000000000000000000000000000000000000000000000000000000000000
3
0000000000000000000000000000000000000000000000000000000000000000000000000000000000000000000000011111100000000000000000000111000011000000000000000000110000000110000000000000000010000000001000000000000000000000000000100000000000000000000000000010000000000000000000000000011000000000000000000000000001000000000000000000000000001000000000000000000000000011100000000000000000000000111100000000000000000000000111011110000000000000000000000000001100000000000000000000000000001000000000000000000000000000100000000000000000000000000010000000000000000000000000001000000000000000000000000000100000000000000110000000000110000000000000001110000000110000000000000000001111111110000000000000000000000000000000000000000000000000000000000000000000000000000000000000000000000000000000000000000000000000
3
0000000000000000000000000000000000000000000000000000000000000000000000111000000000000000000000111110111100000000000000000110000000011000000000000000110000000000100000000000000010000000000010000000000000001000000000001000000000000000000000000001100000000000000000000000001100000000000000000000000001100000000000000000000000001100000000000000000000000111100000000000000000000000011011111000000000000000000000000000110000000000000000000000000001000000000000000000000000000100000000000000000000000000010000000000000000000000000001000000000000100000000000000100000000000011100000000000110000000000000011000000000110000000000000000111000000110000000000000000000111111110000000000000000000000000000000000000000000000000000000000000000000000000000000000000000000000000000000000000000000000000
3
0000000000000000000000000000000000000000000000000000000000000000000000000000000000000000000000000111111000000000000000000001110000110000000000000000001100000001100000000000000001100000000011000000000000001100000000000100000000000000100000000000010000000000000010000000000001000000000000000000000000001000000000000000000000000001100000000000000000000000001100000000000000000000000011100000000000000000000011111111100000000000000000011110000011100000000000000000000000000010000000000000000000000000001000000000000000000000000000100000000000000000000000000110000000000000110000000000010000000000000001110000000011000000000000000001110000111000000000000000000001111110000000000000000000000000000000000000000000000000000000000000000000000000000000000000000000000000000000000000000000000000
3
0000000000000000000000000000000000000000000000000000000000000000000000000000000000000000000000011111110000000000000000000111000001100000000000000000110000000011000000000000000110000000000100000000000000110000000000010000000000000010000000000011000000000000000000000000011000000000000000000000000011000000000000000000000000111000000000000000000000001111110000000000000000000001100001110000000000000000000000000001100000000000000000000000000010000000000000000000000000001000000000000000000000000000100000000000000000000000000010000000000000000000000000011000000000000000000000000001000000000000000111000000001000000000000000000111100001100000000000000000000011111000000000000000000000000000000000000000000000000000000000000000000000000000000000000000000000000000000000000000000000000000
3
0000000000000000000000000000000000000000000000000000000000000000000111111000000000000000000001110000110000000000000000011100000001100000000000000001000000000011000000000000001100000000000100000000000000100000000000010000000000000000000000000011000000000000000000000000011000000000000000000000000111000000000000000000000001110000000000000000000000011111111000000000000000000001000000111000000000000000000000000000110000000000000000000000000001100000000000000000000000000010000000000000000000000000001000000000000000000000000000100000000001000000000000000010000000000110000000000000001000000000001100000000000001100000000000111100000000001100000000000000001111110001100000000000000000000001111100000000000000000000000000000000000000000000000000000000000000000000000000000000000000000000
3
0000000000000000000000000000000000000000000000000000000000000000000001111000000000000000000000011100111000000000000000000011000000100000000000000000110000000010000000000000000010000000001100000000000000001000000000110000000000000000100000000010000000000000000000000000011000000000000000000000000111000000000000000000000001110000000000000000000000011111111100000000000000000001100000011000000000000000000000000000110000000000000000000000000001000000000000000000000000000110000000000000000000000000011000000000000000000000000001100000000000000000000000000100000000000011000000000000010000000000001110000000000011000000000000000110000000011000000000000000001111000011000000000000000000000111111000000000000000000000000000000000000000000000000000000000000000000000000000000000000000000000
3
0000000000000000000000000000000000000000000000000000000000000000000000000000000000000000000000000000000000000000000000000000011110000000000000000000001111001110000000000000000001100000001100000000000000001100000000010000000000000001100000000011000000000000000100000000001000000000000000000000000001100000000000000000000000001100000000000000000000000111111000000000000000000000011000111100000000000000000000000000010000000000000000000000000001000000000000000000000000000100000000000000000000000000010000000000000000000000000001000000000001100000000000001100000000000011000000000001100000000000000111000000011100000000000000000111111111000000000000000000000000000000000000000000000000000000000000000000000000000000000000000000000000000000000000000000000000000000000000000000000000000000
3
0000000000000000000000000000000000000000000000000000000000000000000000000000000000000000000000000011100000000000000000000011111101110000000000000000011000000001000000000000000001000000000100000000000000001100000000010000000000000000100000000001000000000000000011000000000100000000000000000000000000110000000000000000000000000110000000000000000000000000110000000000000000000000001111110000000000000000000011100001100000000000000000000000000010000000000000000000000000001100000000000000000000000000010000000000000000000000000001000000000000000000000000001000000000000000000000000001100000000000000110000000001100000000000000001100000011100000000000000000011100111000000000000000000000011110000000000000000000000000000000000000000000000000000000000000000000000000000000000000000000000000
3
0000000000000000000000000000000000000000000000000000000000000000000000000000000000000000000000000000000000000000000000000000000000000000000000000000000011110000000000000000000001111001110000000000000000001100000001100000000000000001100000000011000000000000000100000000000100000000000000000000000000010000000000000000000000000011000000000000000000000000011000000000000000000000000111000000000000000000000111111110000000000000000000000000001100000000000000000000000000010000000000000000000000000001000000000000000000000000000100000000000000000000000000010000000000000000000000000011000000000000000110000000001000000000000000001111000011100000000000000000000111111000000000000000000000000000000000000000000000000000000000000000000000000000000000000000000000000000000000000000000000000000
3
0000000000000000000000000000000000000000000000000000000000000000000000000000000000000000000000000000000000000000000000000000000000000000000000000000000000000000000000000000000000011111111100000000000000000111000000011000000000000000010000000000100000000000000011000000000010000000000000000000000000001000000000000000000000000001100000000000000000000000001100000000000000000000000011100000000000000000000011111000000000000000000000001000111100000000000000000000000000001100000000000000000000000000010000000000000000000000000001100000000000000000000000000010000000000000000000000000001000000000000001000000000000100000000000000110000000000110000000000000001111000111110000000000000000000111110000000000000000000000000000000000000000000000000000000000000000000000000000000000000000000000
3
0000000000000000000000000000000000000000000000000000000000000000000000000000000000000000000000000000000000000000000000000000000000000000000000000000000011111110000000000000000000111000001100000000000000000110000000011000000000000000010000000000100000000000000000000000000010000000000000000000000000001000000000000000000000000001100000000000000000000000001100000000000000000000000011100000000000000000000000111000000000000000000000000110011100000000000000000000000000011000000000000000000000000000100000000000000000000000000011000000000000000000000000001000000000000000110000000001100000000000000001100000111100000000000000000011111110000000000000000000000000000000000000000000000000000000000000000000000000000000000000000000000000000000000000000000000000000000000000000000000000000000
3
0000000000000000000000000000000000000000000000000000000000000000000000000000000000000000000000000000000000000000000000000000011110000000000000000000001110001110000000000000000001100000001100000000000000001100000000010000000000000000100000000001000000000000000000000000000100000000000000000000000000010000000000000000000000000011000000000000000000000000011000000000000000000000000011000000000000000000000000111000000000000000000000000111111100000000000000000000000000011100000000000000000000000000011000000000000000000000000000100000000000000000000000000010000000000000000000000000001000000000000000000000000001100000000000000000000000000100000000000000111000000000110000000000000000111110001110000000000000000000001111100000000000000000000000000000000000000000000000000000000000000000
3
0000000000000000000000000000000000000000000000000000000000000000000000000000000000000000000000011111110000000000000000000111000001100000000000000000110000000011000000000000000110000000000100000000000000010000000000011000000000000000000000000001100000000000000000000000000100000000000000000000000000100000000000000000000000001110000000000000000000000001111000000000000000000000111110111100000000000000000111000000011000000000000000000000000000100000000000000000000000000010000000000000000000000000001100000000000000000000000000010000000000000000000000000011000000000000000000000000001000000000000011000000000011100000000000000110000000011000000000000000001111111111000000000000000000000000000000000000000000000000000000000000000000000000000000000000000000000000000000000000000000000000
3
0000000000000000000000000000000000000000000000000000000000000000000000111100000000000000000000011110011000000000000000000111000000100000000000000000110000000010000000000000000010000000001000000000000000000000000000100000000000000000000000000110000000000000000000000000010000000000000000000000000011000000000000000000000000011000000000000000000000000110000000000000000000000000011111110000000000000000000000000001110000000000000000000000000011000000000000000000000000000100000000000000000000000000010000000000000000000000000001000000000000011000000000000100000000000001100000000000110000000000000011000000000110000000000000000111000000110000000000000000000111111110000000000000000000000000000000000000000000000000000000000000000000000000000000000000000000000000000000000000000000000000
3
0000000000000000000000000000000000000000000000000000000000000000000000000000000000000000000000001111100000000000000000000111100011100000000000000000110000000011000000000000000110000000000100000000000000000000000000010000000000000000000000000001000000000000000000000000000100000000000000000000000000110000000000000000000000000110000000000000000000000001110000000000000000000000011111111100000000000000000001100000011000000000000000000000000000100000000000000000000000000010000000000000000000000000001100000000000000000000000000010000000000000000000000000011000000000000000000000000001000000000000010000000000001100000000000001100000000001100000000000000011110001111100000000000000000001111100000000000000000000000000000000000000000000000000000000000000000000000000000000000000000000000
3
0000000000000000000000000000000000000000000000000000000000000000000000000000000000000000000000000000000000000000000000000111111100000000000000000000111000011100000000000000000110000000010000000000000000010000000000100000000000000000000000000110000000000000000000000000010000000000000000000000000001000000000000000000000000001100000000000000000000000011100000000000000000000000111111111000000000000000000011000000111000000000000000000000000000110000000000000000000000000001000000000000000000000000000100000000000000000000000000010000000000000000000000000011000000000000000000000000001000000000000110000000000001100000000000001110000000001100000000000000001110000011100000000000000000001111111000000000000000000000000000000000000000000000000000000000000000000000000000000000000000000000
3
0000000000000000000000000000000000000000000000000000000000000000000000000000000000000000000000000111110000000000000000000011110001110000000000000000011000000001100000000000000011000000000010000000000000011000000000001000000000000001000000000000100000000000000000000000000110000000000000000000000000110000000000000000000000000110000000000000000000000001110000000000000000000000011111100000000000000000000011000011100000000000000000000000000010000000000000000000000000001100000000000000000000000000010000000000000000000000000001000000000000000000000000000100000000000000000000000000110000000000000000000000000110000000000000001000000000111000000000000000111100001110000000000000000000011111100000000000000000000000000000000000000000000000000000000000000000000000000000000000000000000000
3
0000000000000000000000000000000000000000000000000000000000000000000000000000000000000000000000000000000000000000000000000000111111000000000000000000001110000110000000000000000011100000001000000000000000001000000000100000000000000000100000000010000000000000000000000000001000000000000000000000000000100000000000000000000000000110000000000000000000000000110000000000000000000000000110000000000000000000000001111111000000000000000000001100000111000000000000000000000000000100000000000000000000000000011000000000000000000000000000100000000000000000000000000010000000000000000000000000011000000000000000000000000001000000000000000110000000001100000000000000001111100111000000000000000000000011110000000000000000000000000000000000000000000000000000000000000000000000000000000000000000000000
3
0000000000000000000000000000000000000000000000000000000000000000000000000000000000000000000000000000000000000000000000000000111111110000000000000000001110000001000000000000000001100000000100000000000000001100000000010000000000000001100000000001000000000000000100000000001100000000000000000000000001100000000000000000000000001100000000000000000000000001111000000000000000000000011100111000000000000000000000000000110000000000000000000000000001100000000000000000000000000010000000000000000000000000001000000000000000000000000001100000000000000100000000000100000000000000011000000000110000000000000000110000000110000000000000000001110000110000000000000000000001111110000000000000000000000000000000000000000000000000000000000000000000000000000000000000000000000000000000000000000000000000
3
0000000000000000000000000000000000000000000000000000000000000000000000000000000000000000000000000000000000000000000000000000111110000000000000000000001110001110000000000000000001100000001100000000000000001100000000010000000000000000100000000001000000000000000000000000000100000000000000000000000000110000000000000000000000000010000000000000000000000000001000000000000000000000000001000000000000000000000000011000000000000000000000000111111100000000000000000000000000011000000000000000000000000000110000000000000000000000000001100000000000000000000000000110000000000000000000000000001000000000000001000000000001100000000000000110000000001100000000000000001100000001100000000000000000011111111100000000000000000000000000000000000000000000000000000000000000000000000000000000000000000000
3
0000000000000000000000000000000000000000000000000000000000000000000000000000000000000000000000001111110000000000000000000011100001100000000000000000011000000010000000000000000011000000001100000000000000011000000000010000000000000001000000000011000000000000000000000000001000000000000000000000000001100000000000000000000000001100000000000000000000000011110000000000000000000000011001111000000000000000000000000000110000000000000000000000000001000000000000000000000000000100000000000000000000000000010000000000000000000000000001000000000000000000000000000100000000000000010000000000010000000000000001100000000010000000000000000011100001110000000000000000000011111100000000000000000000000000000000000000000000000000000000000000000000000000000000000000000000000000000000000000000000000000
3
0000000000000000000000000000000000000000000000000000000000000000000000000000000000000000000000000011100000000000000000000011110011100000000000000000011000000011000000000000000011000000000100000000000000001000000000010000000000000000100000000001000000000000000000000000001100000000000000000000000000100000000000000000000000000110000000000000000000000000110000000000000000000000000110000000000000000000000011111100000000000000000000011100011100000000000000000000000000011000000000000000000000000000100000000000000000000000000010000000000000000000000000001000000000000000000000000000100000000000000001000000000110000000000000000111000001110000000000000000000111111100000000000000000000000000000000000000000000000000000000000000000000000000000000000000000000000000000000000000000000000000
3
0000000000000000000000000000000000000000000000000000000000000000000000000000000000000000000000001111111100000000000000000011100000011000000000000000011000000000100000000000000011000000000010000000000000001000000000001000000000000000100000000001100000000000000000000000001100000000000000000000000001100000000000000000000001111100000000000000000000000111011110000000000000000000000000001100000000000000000000000000010000000000000000000000000001000000000000000000000000000110000000000000000000000000001000000000000000000000000000100000000000000000000000000110000000000000011000000000010000000000000000111000000011000000000000000000111000111000000000000000000000111110000000000000000000000000000000000000000000000000000000000000000000000000000000000000000000000000000000000000000000000000
3
0000000000000000000000000000000000000000000000000000000000000000000000000000000000000000000000000111111000000000000000000011110000110000000000000000111000000001100000000000000010000000000011000000000000000000000000000100000000000000000000000000110000000000000000000000000110000000000000000000000000110000000000000000000000000110000000000000000000000001110000000000000000000000011111111100000000000000000000000000010000000000000000000000000001100000000000000000000000000010000000000000000000000000001000000000000001110000000000100000000000000011100000000110000000000000000011100000110000000000000000000011111110000000000000000000000000000000000000000000000000000000000000000000000000000000000000000000000000000000000000000000000000000000000000000000000000000000000000000000000000000000
3
0000000000000000000000000000000000000000000000000000000000000000000000000000000000000000000000000011100000000000000000000011111111000000000000000000111000000110000000000000000110000000010000000000000000110000000011000000000000000000000000001000000000000000000000000011000000000000000000000000011000000000000000000000000111111110000000000000000000000000001100000000000000000000000000001000000000000000000000000000100000000000000000000000000010000000000000000000000000001000000000000000000000000000100000000000000000000000000010000000000000000110000000011000000000000000001110000011000000000000000000001111111000000000000000000000000000000000000000000000000000000000000000000000000000000000000000000000000000000000000000000000000000000000000000000000000000000000000000000000000000000000