5
0000000000000000000000000000000000000000000000000000000000000011111111111111110000000000000000100000000001000000000000000010000000000000000000000000001000000000000000000000000000100000000000000000000000000010000000000000000000000000001000000000000000000000000000100000000000000000000000000010000000000000000000000000001000000000000000000000000000111111100000000000000000000000000011100000000000000000000000000011000000000000000000000000000110000000000000000000000000001000000000000000000000000000100000000000000000000000000010000000000001100000000000001000000000000011000000000001100000000000000110000000001100000000000000001110000111100000000000000000001111110000000000000000000000000000000000000000000000000000000000000000000000000000000000000000000000000000000000000000000000000000
5
0000000000000000000000000000000000000000000000000000000000000000000000000000000000000000000001100000000000000000000000000100000000000000000000000001111111111111111000000000000001000000000000000000000000000100000000000000000000000000010000000000000000000000000001111100000000000000000000000110011110000000000000000000000000001100000000000000000000000000011000000000000000000000000000100000000000000000000000000010000000000000000000000000001000000000000000000000000000100000000000000000000000000110000000000000000000000000110000000000000000110000001110000000000000000001111111110000000000000000000000000000000000000000000000000000000000000000000000000000000000000000000000000000000000000000000000000000000000000000000000000000000000000000000000000000000000000000000000000000000000000000
5
0000000000000000000000000000000000000000000000000000000000000000000000000000000000000001110000000000000000000000000001111111111111100000000000000000001100000011111000000000000001100000000000000000000000000100000000000000000000000000010000000000000000000000000011000000000000000000000000000100000000000000000000000000010000000000000000000000000000110000000000000000000000000001100000000000000000000000000001100000000000000000000000000011100000000000000000000000000011000000000000000000000000000100000000000000000000000000010000000000000000000000000001000000000000000010000000001100000000000000001111000011100000000000000000000111111000000000000000000000000000000000000000000000000000000000000000000000000000000000000000000000000000000000000000000000000000000000000000000000000000000000
5
0000000000000000000000000000000000000000000000000000000000000000000000000000000000000000000000000000000000000000000001111111111111100000000000000000010000000011111110000000000011000000000000000000000000001000000000000000000000000000100000000000000000000000000010000000000000000000000000000100000000000000000000000000011000000000000000000000000000110000000000000000000000000001110000000000000000000000000001100000000000000000000000000011100000000000000000000000000011000000000000000000000000000010000000000000000000000000001000000000000000000000000000100000000000000000000000000010000000000000001100000000011000000000000000011110001111000000000000000000001111100000000000000000000000000000000000000000000000000000000000000000000000000000000000000000000000000000000000000000000000000000
5
0000000000000000000000000000000000000000000000000000000000000000000000000000000000000000000001000000000000000000000000011111111111111111100000001111110000000000000000000000000010000000000000000000000000001000000000000000000000000000100000000000000000000000000010000000000000000000000000001100000000000000000000000000011000000000000000000000000000111000000000000000000000000000111000000000000000000000000000111000000000000000000000000000110000000000000000000000000000100000000000000000000000000001000000000000000000000000000100000000000000000000000000010000000000000000000000000011000000000000000000000000011000000000000000000011111111000000000000000000000000000000000000000000000000000000000000000000000000000000000000000000000000000000000000000000000000000000000000000000000000000000
5
0000000000000000000000000000000000000000000000000000000000000000000000000000000000000000000000000000000000000000000000000010000000000000000000000111111111111111110000000000000001100000000000000000000000000100000000000000000000000000010000000000000000000000000001000000000000000000000000000100000000000000000000000000010000000000000000000000000001000000000000000000000000000111111111000000000000000000000000000011100000000000000000000000000010000000000000000000000000001000000000000000000000000000100000000000000000000000000100000000000000000000000001110000000000011000000000001100000000000000110000000111000000000000000001111111110000000000000000000000000000000000000000000000000000000000000000000000000000000000000000000000000000000000000000000000000000000000000000000000000000000000
5
0000000000000000000000000000000000000000000000000000000000000000000000000000000000000000000000000000000000000000000001111111111111111111100000000000001000001110000000000000000001100000000000000000000000000100000000000000000000000000010000000000000000000000000001000000000000000000000000000100000000000000000000000000010000000000000000000000000001000000000000000000000000000111100000000000000000000000000011111100000000000000000000000000011000000000000000000000000000110000000000000000000000000001000000000000000000000000000100000000000000100000000000110000000000000011000000001100000000000000000111111111100000000000000000000000000000000000000000000000000000000000000000000000000000000000000000000000000000000000000000000000000000000000000000000000000000000000000000000000000000000000
5
0000000000000000000000000000000000000000000000000000000000000000000000000000000000000000000000000011111111000000000000000111111000000111100000000000111100000000000000000000000000100000000000000000000000000010000000000000000000000000011000000000000000000000000001000000000000000000000000000100000000000000000000000000010000000000000000000000000001000000000000000000000000000100000000000000000000000000011111111000000000000000000000100000111100000000000000000000000000011000000000000000000000000000100000000000000000000000000010000000000000000000000000001000000000000100000000000001100000000000011000000000001100000000000000011000000011100000000000000000111111111000000000000000000000000000000000000000000000000000000000000000000000000000000000000000000000000000000000000000000000000000
5
0000000000000000000000000000000000000000000000000000000000000000000000000000000000000000000001000000000000000000000000111111111111111111000000000000010000000000000000000000000001000000000000000000000000001100000000000000000000000000010000000000000000000000000001100000000000000000000000000011000000000000000000000000000111100000000000000000000000000011100000000000000000000000000011000000000000000000000000000010000000000000000000000000001100000000000000000000000000010000000000000000000000000001000000000000000000000000001100000000000000000000000000100000000000000011000000000110000000000000000111000001100000000000000000000111111100000000000000000000000000000000000000000000000000000000000000000000000000000000000000000000000000000000000000000000000000000000000000000000000000000000
5
0000000000000000000000000000000000000000000000000000000000000000000000000000000000000000000000100000000000000000000000011111111111111111110000000000001000000000000000000000000000100000000000000000000000000010000000000000000000000000001000000000000000000000000000100000000000000000000000000010000000000000000000000000001000000000000000000000000000100000000000000000000000000011000000000000000000000000000100011110000000000000000000011111001111000000000000000000000000000110000000000000000000000000001000000000000000000000000000100000000000000000000000000010000000000000000000000000001000000001000000000000000001100000000010000000000000000100000000000100000000000000100000000000001100000000001100000000000000011110000011100000000000000000001111111000000000000000000000000000000000000000
5
0000000000000000000000000000000000000000000000000000000000000000000000000000000000000000001111111111111110000000000000001100000000001111110000000000100000000000000000000000000010000000000000000000000000001000000000000000000000000000100000000000000000000000000011000000000000000000000000000111110000000000000000000000000001111000000000000000000000000000011000000000000000000000000000011000000000000000000000000000100000000000000000000000000011000000000000000000000000000100000000001000000000000000110000000000110000000000000010000000000001100000000000110000000000000011110000001110000000000000000001111111100000000000000000000000000000000000000000000000000000000000000000000000000000000000000000000000000000000000000000000000000000000000000000000000000000000000000000000000000000000000
5
0000000000000000000000000000000000000000000000000000000000000000000000000000000000000000000111111111111111111000000000010001000000000000000000000000000100000000000000000000000000010000000000000000000000000011000000000000000000000000001000000000000000000000000000100000000000000000000000000011000000000000000000000000000111111000000000000000000000000000011100000000000000000000000000011100000000000000000000000000011000000000000000000000000000100000000000000000000000000011000000000000000000000000000100000000000000000000000000110000000110000000000000000010000000001000000000000000011000000000011000000000000110000000000000110000000011110000000000000001111111110000000000000000000000000000000000000000000000000000000000000000000000000000000000000000000000000000000000000000000000000000
5
0000000000000000000000000000000000000000000000000000000000000000000000000000000000000000000111111111111111111100000000000010000000111000000000000000001000000000000000000000000000100000000000000000000000000010000000000000000000000000011000000000000000000000000001000000000000000000000000000100000000000000000000000000010000000000000000000000000001000000000000000000000000000100000000000000000000000000011111111110000000000000000000000000001110000000000000000000000000001000000000000000000000000000100000000000000000000000000010000000000000000000000000001000000000001100000000000001100000000000011000000000001100000000000000111000000011100000000000000000111111110000000000000000000000000000000000000000000000000000000000000000000000000000000000000000000000000000000000000000000000000000
5
0000000000000000000000000000000000000000000000000000000000000000000000000000000000000000000011111111111111110000000000111011000000000000000000000000001000000000000000000000000000100000000000000000000000000010000000000000000000000000001000000000000000000000000000100000000000000000000000000011111100000000000000000000000000011111000000000000000000000000000110000000000000000000000000001100000000000000000000000000010000000000000000000000000001000000000000000000000000000100000000000000000000000000110000000000100000000000000010000000000011000000000000001000000000000110000000000001100000000000001110000000111000000000000000001111111110000000000000000000000000000000000000000000000000000000000000000000000000000000000000000000000000000000000000000000000000000000000000000000000000000000
5
0000000000000000000000000000000000000000000000000000000000000001111111111111111000000000000000010000000000111000000000000001000000000000000000000000001100000000000000000000000000100000000000000000000000000010000000000000000000000000011000000000000000000000000001000000000000000000000000000100000000000000000000000000011110000000000000000000000000000111110000000000000000000000000001110000000000000000000000000001000000000000000000000000000110000000000000000000000000001000000000000100000000000000100000000000010000000000000010000000000001100000000000010000000000000011100000000011000000000000000011100000011000000000000000000011110111000000000000000000000001110000000000000000000000000000000000000000000000000000000000000000000000000000000000000000000000000000000000000000000000000000
5
0000000000000000000000000000000000000000000000000000000000000000000000000000000000000000000111111111111111111000000000000010000000000000000000000000001000000000000000000000000001100000000000000000000000000100000000000000000000000000010000000000000000000000000001100000000000000000000000000011111100000000000000000000000000011111000000000000000000000000000110000000000000000000000000001100000000000000000000000000010000000000000000000000000001000000000000000000000000000100000000100000000000000000110000000011000000000000000010000000000110000000000000011000000000001100000000000011000000000000011100000000011000000000000000011110011110000000000000000000001111000000000000000000000000000000000000000000000000000000000000000000000000000000000000000000000000000000000000000000000000000000
5
0000000000000000000000000000000000000000000000000000000000000000000010000000000000000000000000111111110000000000000000000001100001111100000000000000000100000000000000000000000000010000000000000000000000000011000000000000000000000000001000000000000000000000000000100000000000000000000000000010000000000000000000000000001111100000000000000000000000000011100000000000000000000000000011000000000000000000000000000010000000000000000000000000001100000000000000000000000000010000000000000000000000000001100000000000000000000000000010000000000001000000000000001000000000000110000000000000100000000000001100000000000110000000000000011000000000110000000000000000011100000110000000000000000000011111110000000000000000000000000000000000000000000000000000000000000000000000000000000000000000000000
5
0000000000000000000000000000000000000000000000000000000000000000000100000000000000000000000000010000000000000000000000000111111111111111100000000000001100000000000000000000000000100000000000000000000000000010000000000000000000000000011000000000000000000000000001000000000000000000000000000100000000000000000000000000011000000000000000000000000000111000000000000000000000000000111110000000000000000000000000001110000000000000000000000000001110000000000000000000000000001100000000000000000000000000110000000000000001000000000001000000000000000100000000000100000000000000011000000000010000000000000000110000000011000000000000000001110000111000000000000000000001111110000000000000000000000000000000000000000000000000000000000000000000000000000000000000000000000000000000000000000000000000
5
0000000000000000000000000000000000000000000000000000000000000000000000000000000000000000000111110000000000000000000000010111111111111110000000000000010000000000000000000000000001000000000000000000000000001100000000000000000000000000100000000000000000000000000010000000000000000000000000001000000000000000000000000000111111100000000000000000000000000011100000000000000000000000000011000000000000000000000000000110000000000000000000000000001000000000000000000000000000100000000000000000000000000010000000000000000000000000011000000000000000000000000011000000000001000000000000011000000000000110000000000111000000000000001110000001110000000000000000000111111100000000000000000000000000000000000000000000000000000000000000000000000000000000000000000000000000000000000000000000000000000000
5
0000000000000000000000000000000000000000000000000000000000000000000000000000000000000000000000000000000000000000000000001111111111111111000000000000001000000000000000000000000000100000000000000000000000000010000000000000000000000000010000000000000000000000000001000000000000000000000000000100000000000000000000000000010000000000000000000000000001111111100000000000000000000000000001110000000000000000000000000001100000000000000000000000000011000000000000000000000000000100000000000000000000000000110000000000110000000000000010000000000001000000000000111000000000000110000000000110000000000000001110000011100000000000000000001111111000000000000000000000000000000000000000000000000000000000000000000000000000000000000000000000000000000000000000000000000000000000000000000000000000000000
5
0000000000000000000000000000000000000000000000000000000000000000001000000000000000000000000111111111111000000000000000000010000000111111100000000000001000000000000000000000000000100000000000000000000000000110000000000000000000000000010000000000000000000000000001000000000000000000000000000111111110000000000000000000000000001110000000000000000000000000001100000000000000000000000000010000000000000000000000000001000000000000000000000000000100000000000001100000000000010000000000000010000000000011000000000000001100000000001000000000000000010000000001100000000000000000100000001100000000000000000011000001100000000000000000000111011100000000000000000000000111000000000000000000000000000000000000000000000000000000000000000000000000000000000000000000000000000000000000000000000000000000
5
0000000000000000000000000000000000000000000000000000000000000000000000000000000000000000000000111111111111000000000000001111000000000110000000000000011000000000000000000000000001000000000000000000000000000100000000000000000000000000010000000000000000000000000001000000000000000000000000000100000000000000000000000000011111111000000000000000000001100000111100000000000000000000000000011000000000000000000000000000100000000000000000000000000010000000000000000000000000001000000000001000000000000000100000000000110000000000000100000000000001000000000000110000000000000110000000000110000000000000001100000001110000000000000000011110011100000000000000000000001111000000000000000000000000000000000000000000000000000000000000000000000000000000000000000000000000000000000000000000000000000000
5
0000000000000000000000000000000000000000000000000000000000000000000000000000000000000000000000000000000000000000000000001000000000000000000000000011111111111111110000000000000010000000000000000000000000001000000000000000000000000000100000000000000000000000000010000000000000000000000000001000000000000000000000000000100000000000000000000000000011111111000000000000000000001000000011000000000000000000000000000110000000000000000000000000001100000000000000000000000000011000000000000000000000000000100000000000000000000000000010000000000000000000000000001000000000000100000000000000100000000000010000000000000110000000000001100000000000110000000000000011000000000110000000000000000111000011100000000000000000000111110000000000000000000000000000000000000000000000000000000000000000000000
5
0000000000000000000000000000000000000000000000000000000000000000000000000000000000000000000011111111111111110000000000000010000000000000000000000000001000000000000000000000000000100000000000000000000000000010000000000000000000000000001000000000000000000000000000100000000000000000000000000010000000000000000000000000001000000000000000000000000000100000000000000000000000000011111111000000000000000000001100000110000000000000000000000000001100000000000000000000000000011000000000000000000000000000100000000000010000000000000110000000000001100000000000010000000000000010000000000011000000000000000110000001111000000000000000001111111100000000000000000000000000000000000000000000000000000000000000000000000000000000000000000000000000000000000000000000000000000000000000000000000000000000
5
0000000000000000000000000000000000000000000000000000000000000001100100000000000000000000000011111110000000000000000000000011000111111111000000000000001000000000000000000000000000100000000000000000000000000010000000000000000000000000001000000000000000000000000000100000000000000000000000000010000000000000000000000000001111110000000000000000000000000001111000000000000000000000000000110000000000000000000000000001000000000000100000000000000100000000000010000000000000010000000000001100000000000001000000000000011000000000000100000000000000110000000000110000000000000001110000000110000000000000000001111001110000000000000000000000111100000000000000000000000000000000000000000000000000000000000000000000000000000000000000000000000000000000000000000000000000000000000000000000000000000000
5
0000000000000000000000000000000000000000000000000000000000000000000000000000000000000000000111111111111110000000000000000011000000011110000000000000001000000000000000000000000000100000000000000000000000000010000000000000000000000000001000000000000000000000000001100000000000000000000000000100000000000000000000000000011011111111000000000000000000111000000110000000000000000000000000001100000000000000000000000000010000000000000000000000000001000000000100000000000000000100000000011000000000000000010000000000110000000000000011000000000001110000000000001000000000000001100000000001100000000000000001110000011000000000000000000001111111000000000000000000000000000000000000000000000000000000000000000000000000000000000000000000000000000000000000000000000000000000000000000000000000000000
5
0000000000000000000000000000000000000000000000000000000000000001100000000000000000000000000011111111111000000000000000000011000000111110000000000000001000000000000000000000000000100000000000000000000000000010000000000000000000000000001111110000000000000000000000000000111100000000000000000000000000011000000000000000000000000000110000000000000000000000000001000000000000000000000000000100000000000000000000000000010000000000000000000000000011000000000100000000000000001000000000001000000000000001000000000000110000000000001100000000000001110000000001100000000000000001100000011100000000000000000011100111000000000000000000000011110000000000000000000000000000000000000000000000000000000000000000000000000000000000000000000000000000000000000000000000000000000000000000000000000000000000
5
0000000000000000000000000000000000000000000000000000000000000000000000000000000000000000000011111111111111110000000000000011000000000001110000000000001000000000000000000000000000100000000000000000000000000010000000000000000000000000001000000000000000000000000000100000000000000000000000000010011000000000000000000000001111011110000000000000000000000000001100000000000000000000000000011000000000000000000000000000100000000000000000000000000011000000000000000000000000000100000000000000000000000000010000000000000000000000000011000000000000000000000000001000000000000000000000000001100000000000000000110000001100000000000000000000111111100000000000000000000000000000000000000000000000000000000000000000000000000000000000000000000000000000000000000000000000000000000000000000000000000000
5
0000000000000000000000000000000000000000000000000000000000000000000000000000000000000000001111111111111111000000000000000100000000000111000000000000010000000000000000000000000001000000000000000000000000000100000000000000000000000000010000000000000000000000000001111000000000000000000000000000111110000000000000000000000000001110000000000000000000000000001000000000000000000000000000110000000000000000000000000001000000000000000000000000000100000000000000000000000000010000000000000011000000000001000000000000000100000000001100000000000000001100000000100000000000000000011000000110000000000000000000111001110000000000000000000000111100000000000000000000000000000000000000000000000000000000000000000000000000000000000000000000000000000000000000000000000000000000000000000000000000000000
5
0000000000000000000000000000000000000000000000000000000000000000000000000000000000000000001111111111110000000000000000000010000001111111110000000000001000000000000000000000000000100000000000000000000000000110000000000000000000000000010000000000000000000000000001000000000000000000000000000100000000000000000000000000011111110000000000000000000000000011110000000000000000000000000000110000000000000000000000000001100000000000000000000000000011000000000000000000000000001100000000000000000000000000100000000000001100000000000110000000000000011000000000011000000000000000110000000011000000000000000001110000111000000000000000000001111110000000000000000000000000000000000000000000000000000000000000000000000000000000000000000000000000000000000000000000000000000000000000000000000000000000
5
0000000000000000000000000000000000000000000000000000000000000000000000000000000000000000000000010000000000000000000000011111111111111000000000000000001000000000000000000000000001100000000000000000000000000100000000000000000000000000010000000000000000000000000001100000000000000000000000000011000000000000000000000000000111000000000000000000000000000111000000000000000000000000000111000000000000000000000000000111000000000000000000000000000100000000000001000000000000010000000000000110000000000001100000000000001000000000000100000000000000110000000000110000000000000001100000000110000000000000000001110001110000000000000000000011111100000000000000000000000000000000000000000000000000000000000000000000000000000000000000000000000000000000000000000000000000000000000000000000000000000000
5
0000000000000000000000000000000000000000000000000000000000000001111111000000000000000000000000010011111111110000000000000001000000000000000000000000000100000000000000000000000000110000000000000000000000000010000000000000000000000000001000000000000000000000000000100000000000000000000000000010000000000000000000000000001111000000000000000000000000000111100000000000000000000000000011000000000000000000000000000110000000000000000000000000001000000000000001000000000000110000000000000110000000000010000000000000001100000000001000000000000000011000000000100000000000000000110000000110000000000000000001110001110000000000000000000001111100000000000000000000000000000000000000000000000000000000000000000000000000000000000000000000000000000000000000000000000000000000000000000000000000000000
5
0000000000000000000000000000000000000000000000000000000000000000000000000000000000000000000111111111000000000000000000000010000111111111100000000000001000000000000000000000000000100000000000000000000000000010000000000000000000000000001000000000000000000000000000100000000000000000000000000011111000000000000000000000000000111000000000000000000000000000110000000000000000000000000001000000000000000000000000000100000000000000000000000000010000000000000001000000000001000000000000000010000000001100000000000000001110000000100000000000000000001100001110000000000000000000001111100000000000000000000000000000000000000000000000000000000000000000000000000000000000000000000000000000000000000000000000000000000000000000000000000000000000000000000000000000000000000000000000000000000000000000
5
0000000000000000000000000000000000000000000000000000000000000000000000000000000000000000000000000000000000000000000000011111111100000000000000000001001000011111110000000000000000100000000000000000000000000010000000000000000000000000010000000000000000000000000001000000000000000000000000000100000000000000000000000000010000000000000000000000000011000000000000000000000000001111111111000000000000000000000000000111000000000000000000000000000110000000000000000000000000001000000000000000000000000000100000000000000000000000000010000000000000000000000000010000000000000000100000000011000000000000000011000000111000000000000000000110001110000000000000000000001111100000000000000000000000000000000000000000000000000000000000000000000000000000000000000000000000000000000000000000000000000000
5
0000000000000000000000000000000000000000000000000000000000000000000000000000000000000000000001000000000000000000000000000100000000000000000000000000010011111000000000000000001111111000111111100000000000001000000000000000000000000000100000000000000000000000000010000000000000000000000000001000000000000000000000000000100000000000000000000000000010000000000000000000000000001100000000000000000000000000010000000000000000000000000001111111110000000000000000000000000001100000000000000000000000000010000000000000110000000000001000000000000001100000000000100000000000000011000000000110000000000000000111111111110000000000000000000001100000000000000000000000000000000000000000000000000000000000000000000000000000000000000000000000000000000000000000000000000000000000000000000000000000000000
5
0000000000000000000000000000000000000000000000000000000000000000000000000000000000000000000000000000001111000000000000001111111111000000000000000111110000000000000000000000110001000000000000000000000000000100000000000000000000000000010000000000000000000000000001111000000000000000000000000000011110000000000000000000000000001110000000000000000000000000001100000000000000000000000000010000000000000000000000000001000000000000000000000000000100000000000000000000000000010000000000000000000000000010000000000000000010000000011000000000000000000110000011000000000000000000001111111000000000000000000000000000000000000000000000000000000000000000000000000000000000000000000000000000000000000000000000000000000000000000000000000000000000000000000000000000000000000000000000000000000000000000
5
0000000000000000000000000000000000000000000000000000000000000000000000000000000000000000000000000000000000000000000000001111111111111000000000000111101000000000000000000000000000100000000000000000000000000110000000000000000000000000010000000000000000000000000001000000000000000000000000000111110000000000000000000000000001110000000000000000000000000001100000000000000000000000000011000000000000000000000000000100000000000000000000000000010000000000000000000000000001000000000000001000000000000100000000000000110000000000110000000000000001110000000110000000000000000001111101110000000000000000000000011000000000000000000000000000000000000000000000000000000000000000000000000000000000000000000000000000000000000000000000000000000000000000000000000000000000000000000000000000000000000000
5
0000000000000000000000000000000000000000000000000000000000000000000000000000000000000000000000000000000000000000000000111111111100000000000000000010001100001111111000000000000000100000000000000000000000000010000000000000000000000000001000000000000000000000000000100000000000000000000000000010000000000000000000000000001111000000000000000000000000000111000000000000000000000000000110000000000000000000000000001100000000000000000000000000010000000000000000000000000001100000000000000011000000000010000000000000000110000000001000000000000000001100000001100000000000000000011000001100000000000000000000011111100000000000000000000000000000000000000000000000000000000000000000000000000000000000000000000000000000000000000000000000000000000000000000000000000000000000000000000000000000000000
5
0000000000000000000000000000000000000000000000000000000000000000000000000000000000000000000000000000000000000000000000000011001111111100000000000011111111000000000000000000001001100000000000000000000000000100000000000000000000000000010000000000000000000000000001000000000000000000000000000111000000000000000000000000000111000000000000000000000000000111000000000000000000000000000111000000000000000000000000000110000000000000000000000000001000000000000000000000000000110000000000000000110000000011000000000000000001100000001000000000000000000011100011100000000000000000000011111000000000000000000000000000000000000000000000000000000000000000000000000000000000000000000000000000000000000000000000000000000000000000000000000000000000000000000000000000000000000000000000000000000000000000
5
0000000000000000000000000000000000000000000000000000000000000000000000000000000000000000000000000000000000000000000000000001000000000000000000000011111111111110000000000000001000010000000000000000000000000011000000000000000000000000001000000000000000000000000000100000000000000000000000000010000000000000000000000000001111111100000000000000000000000000011000000000000000000000000000110000000000000000000000000001000000000000000000000000000100000000000000000000000000010000000000000000000000000001000000000000000000000000000100000000000000000000000000100000000000000000110000001110000000000000000001111111100000000000000000000000000000000000000000000000000000000000000000000000000000000000000000000000000000000000000000000000000000000000000000000000000000000000000000000000000000000000
5
0000000000000000000000000000000000000000000000000000000000000000000000000000000000000000000000000000000000000000000000001111111111111110000000000001101000000000000000000000000001100000000000000000000000000100000000000000000000000000010000000000000000000000000001000000000000000000000000000100000000000000000000000000011111000000000000000000000000000111000000000000000000000000000110000000000000000000000000001000000000000000000000000000100000000000000000000000000010000000000000000000000000001000000000000000010000000000100000000000000000100000000110000000000000000001000000110000000000000000000011011110000000000000000000000111000000000000000000000000000000000000000000000000000000000000000000000000000000000000000000000000000000000000000000000000000000000000000000000000000000000000
5
0000000000000000000000000000000000000000000000000000000000000000000000000000000000000000000000000000000000000000000000000001000000000000000000000000111111111111111100000000000000100000000000000000000000000010000000000000000000000000001000000000000000000000000000100000000000000000000000000011000000000000000000000000000111110000000000000000000000000001110000000000000000000000000000110000000000000001000000000001000000000000000100000000000100000000000000001000000000010000000000000000110000000001000000000000000001100000001100000000000000000011000001100000000000000000000111001100000000000000000000000111100000000000000000000000000000000000000000000000000000000000000000000000000000000000000000000000000000000000000000000000000000000000000000000000000000000000000000000000000000000000
5
0000000000000000000000000000000000000000000000000000000000000000000000000000000000000000000000000000000000000000000000000100000000000000000000000011111111111111111100000000000001000000000000000000000000000100000000000000000000000000010000000000000000000000000001000000000000000000000000000100000000000000000000000000010000000000000000000000000001111111000000000000000000000000000111000000000000000000000000000110000000000000000000000000001100000000000000000000000000010000000000000000000000000011000000000000000000000000001000000000000000100000000001100000000000000011000000001100000000000000000110000001100000000000000000001110001100000000000000000000001111000000000000000000000000000000000000000000000000000000000000000000000000000000000000000000000000000000000000000000000000000000
5
0000000000000000000000000000000000000000000000000000000000000000000000000000000000000000000000000000000000000000000000111111111111111000000000000000011000000000000000000000000001000000000000000000000000000100000000000000000000000000010000000000000000000000000011000000000000000000000000001000000000000000000000000000110100000000000000000000000011111111000000000000000000000000000110000000000000000000000000001100000000000000000000000000010000000000000000000000000001000000000000000000000000000100000000000000000000000000110000000000000000000000000010000000000000000011000000011000000000000000000111000111000000000000000000000111110000000000000000000000000000000000000000000000000000000000000000000000000000000000000000000000000000000000000000000000000000000000000000000000000000000000
5
0000000000000000000000000000000000000000000000000000000000000000000000000000000000000000000000100000000000000000000000000111111111111100000000000011111000000000000000000000000001000000000000000000000000000100000000000000000000000000110000000000000000000000000010000000000000000000000000001000000000000000000000000000100000000000000000000000000011111111000000000000000000000000000111000000000000000000000000000100000000000000000000000000011000000000000000000000000000100000000000000000000000000110000000000000000000000000010000000000000110000000000001000000000000001100000000001100000000000000110000000000100000000000000001100000000110000000000000000011000000110000000000000000000011111100000000000000000000000000000000000000000000000000000000000000000000000000000000000000000000000000
5
0000000000000000000000000000000000000000000000000000000000000000000000000000000000000000000000000000000000000000000000001111111111111100000000000000101000000000000000000000000000100000000000000000000000000010000000000000000000000000011000000000000000000000000001000000000000000000000000000111100000000000000000000000000011100000000000000000000000000011100000000000000000000000000011000000000000000000000000000110000000000000000000000000001000000000000000000000000000100000000000000000000000000010000000000000000110000000011000000000000000001100000001000000000000000000011110001100000000000000000000001111100000000000000000000000000000000000000000000000000000000000000000000000000000000000000000000000000000000000000000000000000000000000000000000000000000000000000000000000000000000000
5
0000000000000000000000000000000000000000000000000000000000000000000000000000000000000000000000000000000000000000000000000001011111100000000000000000111110000011111100000000000000010000000000000000000000000001000000000000000000000000001100000000000000000000000000100000000000000000000000000010000000000000000000000000001111000000000000000000000000100111110000000000000000000000000001100000000000000000000000000011000000000000000000000000000100000000000000000000000000010000000000000000000000000001000000000000010000000000001000000000000001000000000000100000000000000110000000000110000000000000001100000000110000000000000000011000000110000000000000000000110001110000000000000000000001111100000000000000000000000000000000000000000000000000000000000000000000000000000000000000000000000000
5
0000000000000000000000000000000000000000000000000000000000000000000000000000000000000000000111111111111111000000000000000010000000000000000000000000001000000000000000000000000000100000000000000000000000000010000000000000000000000000011000000000000000000000000001000000000000000000000000000111000000000000000000000000000011110000000000000000000000000001110000000000000000000000000000100000000000000000000000000011000000000000000000000000000100000000000000100000000000010000000000000010000000000001000000000000001000000000001100000000000000010000000000100000000000000001100000000010000000000000000011000000010000000000000000000110000011000000000000000000001111111000000000000000000000000000000000000000000000000000000000000000000000000000000000000000000000000000000000000000000000000000
5
0000000000000000000000000000000000000000000000000000000000000000000000000000000000000000000000000000000000000000000000000010000000000000000000000000111111111111110000000000000001000000000000000000000000000100000000000000000000000000010000000000000000000000000001000000000000000000000000000100000000000000000000000000111111111000000000000000000000000000110000000000000000000000000001100000000000000000000000000010000000000000000000000000001000000000000000000000000000100000000000000000000000000010000000000000100000000000001000000000000010000000000001100000000000001100000000000100000000000000011000000000100000000000000000110000000110000000000000000001100011100000000000000000000001111000000000000000000000000000000000000000000000000000000000000000000000000000000000000000000000000000
5
0000000000000000000000000000000000000000000000000000000000000000000000000000000000000000000000000000000000000000000000011111111000000000000000000000110000111111000000000000000010000000000000000000000000001000000000000000000000000000100000000000000000000000000010000000000000000000000000011000000000000000000000000001111111110000000000000000000000000001110000000000000000000000000001100000000000000000000000000010000000000000000000000000001000000000000000000000000000100000000000000100000000000110000000000000010000000000010000000000000001100000000011000000000000000010000000001000000000000000000110000011000000000000000000001111111000000000000000000000000000000000000000000000000000000000000000000000000000000000000000000000000000000000000000000000000000000000000000000000000000000000
5
0000000000000000000000000000000000000000000000000000000000000000000000000000000000000000000000010000000000000000000000000111111111111100000000000000001000000000000000000000000000100000000000000000000000000110000000000000000000000000010000000000000000000000000001000000000000000000000000000111100000000000000000000000000011100000000000000000000000000001100000000000000000000000000011000000000000000000000000000100000000000001000000000000010000000000000100000000000001000000000000011000000000000100000000000000100000000000110000000000000011100000000110000000000000000011100000110000000000000000000011111100000000000000000000000000000000000000000000000000000000000000000000000000000000000000000000000000000000000000000000000000000000000000000000000000000000000000000000000000000000000000
5
0000000000000000000000000000000000000000000000000000000000000000000000000000000000000000000000000000000000000000000000000111111110000000000000000000010100001111110000000000000000010000000000000000000000000001000000000000000000000000000100000000000000000000000000110000000000000000000000000010000000000000000000000000001111000000000000000000000000000011100000000000000000000000000011000000000000000000000000000010000000000000000000000000001100000000000000000000000000010000000000000000000000000001000000000000001000000000000100000000000000100000000000110000000000000011000000000010000000000000000111000000011000000000000000000111000111000000000000000000000111110000000000000000000000000000000000000000000000000000000000000000000000000000000000000000000000000000000000000000000000000000
5
0000000000000000000000000000000000000000000000000000000000000000000000000000000000000000000000011000000000000000000000001111111111111000000000000000010000000000000000000000000001000000000000000000000000000100000000000000000000000000110000000000000000000000000010000000000000000000000000001000000000000000000000000000111111110000000000000000000000000001110000000000000000000000000001100000000000000000000000000011000000000000000000000000000100000000000011000000000000010000000000000100000000000001000000000000010000000000000100000000000001110000000000110000000000000001100000001110000000000000000001111111100000000000000000000000000000000000000000000000000000000000000000000000000000000000000000000000000000000000000000000000000000000000000000000000000000000000000000000000000000000000
5
0000000000000000000000000000000000000000000000000000000000000000000000000000000000000000000000000000000000000000000000111111111111110000000000000000001000000000000000000000000001100000000000000000000000000100000000000000000000000000010000000000000000000000000001000000000000000000000000000111111000000000000000000000000000110000000000000000000000000001100000000000000000000000000011000000000000000000000000000100000000000000000000000000010000000000000000000000000001000000000000000000000000000100000000000001000000000000110000000000000110000000000010000000000000001100000000011000000000000000011000000011000000000000000000011111111000000000000000000000001100000000000000000000000000000000000000000000000000000000000000000000000000000000000000000000000000000000000000000000000000000000
5
0000000000000000000000000000000000000000000000000000000000000000000000000000000000000000000000000000000000000000000000001111111111110000000000000000001000000000111000000000000000100000000000000000000000000010000000000000000000000000001000000000000000000000000001100000000000000000000000000100000000000000000000000000010000000000000000000000000011111110000000000000000000000000001110000000000000000000000000001100000000000000000000000000010000000000000000000000000001000000000000001000000000000100000000000000100000000000010000000000000011000000000010000000000000000110000000011000000000000000001110000111000000000000000000001111110000000000000000000000000000000000000000000000000000000000000000000000000000000000000000000000000000000000000000000000000000000000000000000000000000000000
5
0000000000000000000000000000000000000000000000000000000000000000000000000000000000000000000000000000000000000000000000000111111111111100000000000000000100000000110000000000000000110000000000000000000000000010000000000000000000000000001000000000000000000000000001100000000000000000000000000100000000000000000000000000110000000000000000000000000011111111100000000000000000000000000011000000000000000000000000000110000000000000000000000000001000000000000100000000000000100000000000011000000000000110000000000000100000000000010000000000000011000000000011000000000000000111000000011000000000000000000111000111000000000000000000000111110000000000000000000000000000000000000000000000000000000000000000000000000000000000000000000000000000000000000000000000000000000000000000000000000000000000
5
0000000000000000000000000000000000000000000000000000000000000000000000000000000000000000000000000000000000000000000000000111111111000000000000000000011000000111110000000000000000100000000000000000000000000010000000000000000000000000001000000000000000000000000001100000000000000000000000000100000000000000000000000000010100000000000000000000000001111111110000000000000000000000000001100000000000000000000000000011000000000000000000000000000100000000000000000000000000010000000000000000000000000001000000000000100000000000001100000000000011000000000000100000000000000100000000000110000000000000001000000000110000000000000000111000000110000000000000000000111111110000000000000000000000000000000000000000000000000000000000000000000000000000000000000000000000000000000000000000000000000000
5
0000000000000000000000000000000000000000000000000000000000000000000000000000000000000000000001000000000000000000000000000100000000000000000000000011111111111111100000000000000001000000000000000000000000000100000000000000000000000000010000000000000000000000000001000000000000000000000000000100000000000000000000000000010000000000000000000000000011111111000000000000000000000000000111000000000000000100000000000110000000000000010000000000001000000000000001000000000000110000000000000110000000000001000000000000001100000000001100000000000000011000000000100000000000000000110000000010000000000000000001100000001000000000000000000011100001000000000000000000000011111000000000000000000000000000000000000000000000000000000000000000000000000000000000000000000000000000000000000000000000000000
5
0000000000000000000000000000000000000000000000000000000000000000000000000000000000000000000000000000000000000000000000001111111000000000000000000000000100111111100000000000000000110000000000000000000000000010000000000000000000000000001000000000000000000000000001100000000000000000000000000111000000000000000000000000011111110000000000000000000000000001100000000000000000000000000011000000000000000000000000000100000000000000010000000000010000000000000001000000000001000000000000000110000000000100000000000000001000000000010000000000000000110000000011000000000000000001100000011000000000000000000011100011000000000000000000000011111000000000000000000000000000000000000000000000000000000000000000000000000000000000000000000000000000000000000000000000000000000000000000000000000000000000
5
0000000000000000000000000000000000000000000000000000000000000000000000000000000000000000000000100000000000000000000000011111111111111100000000000000001000000000000000000000000000100000000000000000000000000010000000000000000000000000011000000000000000000000000001000000000000000000000000000100100000000000000000000000011111111000000000000000000000000000110000000000000000000000000001100000000000000000000000000010000000000000000000000000001100000000000000000000000000010000000000010000000000000011000000000001000000000000001000000000000110000000000000100000000000001000000000000110000000000000110000000000110000000000000001100000000110000000000000000011000001110000000000000000000111111100000000000000000000000000000000000000000000000000000000000000000000000000000000000000000000000000
5
0000000000000000000000000000000000000000000000000000000000000000000000000000000000000000000000000000000000000000000000001111111111111000000000000000001100000000000000000000000000100000000000000000000000000010000000000000000000000000001000000000000000000000000001111100000000000000000000000110011110000000000000000000000000001100000000000000000000000000010000000000000000000000000001100000000000000000000000000010000000000000000000000000001000000000000000000000000000100000000000000001000000000010000000000000000110000000001000000000000000001100000001100000000000000000011000000100000000000000000000111111110000000000000000000000011100000000000000000000000000000000000000000000000000000000000000000000000000000000000000000000000000000000000000000000000000000000000000000000000000000000
5
0000000000000000000000000000000000000000000000000000000000000000000000000000000000000000000000000000000000000000000000111111111111111000000000000010010000000000000000000000000001000000000000000000000000001100000000000000000000000000100000000000000000000000000010000000000000000000000000001000000000000000000000000000100011111110000000000000000011111000001100000000000000001100000000011000000000000000000000000000100000000000000000000000000010000000000000000000000000001000000000000000000000000000100000000000000000000000000010000000000000000000000000011000000000000000010000000011000000000000000001100000011000000000000000000011111111000000000000000000000001000000000000000000000000000000000000000000000000000000000000000000000000000000000000000000000000000000000000000000000000000000
5
0000000000000000000000000000000000000000000000000000000000000000000000000000000000000000000000000000000000000000000000000000000000000000000000000011111111111111100000000000000001000000000000000000000000000100000000000000000000000000010000000000000000000000000001000000000000000000000000000100000000000000000000000000010000000000000000000000000001111111111000000000000000000110000000110000000000000000010000000001000000000000000000000000000100000000000000000000000000010000000000000000000000000001000000000000000000000000000100000000000000000000000000110000000000000011000000000110000000000000000100000000110000000000000000011000000110000000000000000000011001110000000000000000000000111100000000000000000000000000000000000000000000000000000000000000000000000000000000000000000000000000
5
0000000000000000000000000000000000000000000000000000000000000000000000000000000000000000000000000000000000000000000000000001000000000000000000000000001100000000000000000000000000111111111111110000000000000010000000000000000000000000001000000000000000000000000001100000000000000000000000000100000000000000000000000000011100000000000000000000000001111111000000000000000000000000000111000000000000000000000000000110000000000000000000000000001000000000000000000000000000100000000000000110000000000010000000000000001000000000001000000000000000110000000000100000000000000001110000000110000000000000000001111001110000000000000000000000111000000000000000000000000000000000000000000000000000000000000000000000000000000000000000000000000000000000000000000000000000000000000000000000000000000000
5
0000000000000000000000000000000000000000000000000000000000000000000000000000000000000000000000000000000000000000000000001111111110000000000000000000000100001111100000000000000000110000000000000000000000000010000000000000000000000000001000000000000000000000000000100000000000000000000000000010000000000000000000000000001111000000000000000000000000000111100000000000000000000000000011000000000000000000000000000110000000000000010000000000000100000000000001100000000000010000000000000011000000000001100000000000000110000000000100000000000000001000000000010000000000000000011000000011000000000000000000110000011000000000000000000000111111000000000000000000000000000000000000000000000000000000000000000000000000000000000000000000000000000000000000000000000000000000000000000000000000000000
5
0000000000000000000000000000000000000000000000000000000000000000000000000000000000000000000000100000000000000000000000011111111111111100000000000000011000000000000000000000000001000000000000000000000000000100000000000000000000000000010000000000000000000000000011000000000000000000000000001000000000000000000000000000111111110000000000000000000010000001111000000000000000000000000000110000000000000000000000000001000000000000000000000000000100000000000000000000000000010000000000000000000000000001000000000000010000000000000100000000000001100000000000110000000000000011000000000010000000000000000111000000011000000000000000000111100111000000000000000000000011110000000000000000000000000000000000000000000000000000000000000000000000000000000000000000000000000000000000000000000000000000
5
0000000000000000000000000000000000000000000000000000000000000000000000000000000000000000000000000000000000000000000000000001000000000000000000000000111111111111100000000000000000110000000000000000000000000010000000000000000000000000001000000000000000000000000001100000000000000000000000000100000000000000000000000000011000000000000000000000000001111111000000000000000000000000000011000000000000000000000000000111000000000000001100000000000100000000000000110000000000010000000000000001100000000001000000000000000011000000000100000000000000000110000000110000000000000000001100000110000000000000000000001100110000000000000000000000011110000000000000000000000000000000000000000000000000000000000000000000000000000000000000000000000000000000000000000000000000000000000000000000000000000000
5
0000000000000000000000000000000000000000000000000000000000000000000000000000000000000000001111111000000000000000000000000110111111111000000000000000010000000000000000000000000001000000000000000000000000000100000000000000000000000000010000000000000000000000000001000000000000000000000000000100000000000000000000000000011111100000000000000000000000000011000000000000000000000000000010000000000000000000000000001100000000000000000000000000010000000000000000000000000001000000000000001000000000001100000000000000010000000000100000000000000001110000000110000000000000000001100000110000000000000000000011111110000000000000000000000001100000000000000000000000000000000000000000000000000000000000000000000000000000000000000000000000000000000000000000000000000000000000000000000000000000000000
5
0000000000000000000000000000000000000000000000000000000000000000000000000000000000000000000000000000000000000000000000001111111111111000000000000000010000000000000000000000000001000000000000000000000000000100000000000000000000000000010000000000000000000000000001000000000000000000000000000100000000000000000000000000010000000000000000000000000001111111000000000000000000000000000111000000000000000000000000000100000000000000000000000000011000000000000000000000000000100000000000000000000000000010000000000000000000000000001000000000000000000000000000100000000000000000000000000110000000000000000000000000010000000000000000000111000110000000000000000000000111100000000000000000000000000000000000000000000000000000000000000000000000000000000000000000000000000000000000000000000000000000
5
0000000000000000000000000000000000000000000000000000000000000000000000000000000000000000000000000000000000000000000000000100000000000000000000000111111111111110000000000000000001000000000000000000000000000100000000000000000000000000010000000000000000000000000001000000000000000000000000001100000000000000000000000000111111111100000000000000000011000000011100000000000000000000000000011000000000000000000000000001100000000000000000000000000100000000000000000000000000010000000000000000000000000010000000000000000010000000011000000000000000001111000111000000000000000000001111110000000000000000000000000000000000000000000000000000000000000000000000000000000000000000000000000000000000000000000000000000000000000000000000000000000000000000000000000000000000000000000000000000000000000000
5
0000000000000000000000000000000000000000000000000000000000000000000000000000000000000000000000000000000000000000000000011111111111111000000000000111011000000000000000000000000001000000000000000000000000000100000000000000000000000000010000000000000000000000000001000000000000000000000000000100000000000000000000000000010000000000000000000000000001111110000000000000000000000110001111000000000000000000000000000110000000000000000000000000001000000000000000000000000000100000000000000000000000000010000000000000000000000000001000000000000000000000000001100000000000000000110000001100000000000000000001110001100000000000000000000001111100000000000000000000000000000000000000000000000000000000000000000000000000000000000000000000000000000000000000000000000000000000000000000000000000000000
5
0000000000000000000000000000000000000000000000000000000000000000000000000000000000000000000000100011111000000000000000001111111000111000000000000000011000000000000000000000000001000000000000000000000000000100000000000000000000000000010000000000000000000000000001000000000000000000000000001100000000000000000000000000111111111000000000000000000000000000011100000000000000000000000000011000000000000000000000000000100000000000000000000000000010000000000000000000000000001000000000000000000000000000100000000000001000000000000110000000000000110000000000010000000000000001100000000010000000000000000011100000011000000000000000000011110111000000000000000000000001110000000000000000000000000000000000000000000000000000000000000000000000000000000000000000000000000000000000000000000000000000
5
0000000000000000000000000000000000000000000000000000000000000000000000000000000000000000000000000000000000000000000000011111111111111000000000000000001000000000000000000000000000100000000000000000000000000110000000000000000000000000010000000000000000000000000001000000000000000000000000000100000000000000000000000000011111100000000000000000000000000011110000000000000000000000000001100000000000000000000000000011000000000000000000000000000100000000000000000000000000010000000000000000000000000001000000000000000000000000001100000000000000000000000000100000000000000000000000000110000000000000001100000000010000000000000000011000000010000000000000000000111101111000000000000000000000011100000000000000000000000000000000000000000000000000000000000000000000000000000000000000000000000000
5
0000000000000000000000000000000000000000000000000000000000000000000000000000000000000000000000000111111110000000000000001111110000000000000000000001101000000000000000000000000000100000000000000000000000000010000000000000000000000000011000000000000000000000000001100000000000000000000000000100000000000000000000000000010000000000000000000000000001111111110000000000000000000100000001111000000000000000000000000000110000000000000000000000000001000000000000000000000000000100000000000000000000000000110000000000000000000000000010000000000000011000000000011000000000000000110000000011000000000000000001110000111000000000000000000001111110000000000000000000000000000000000000000000000000000000000000000000000000000000000000000000000000000000000000000000000000000000000000000000000000000000
5
0000000000000000000000000000000000000000000000000000000000000000000000000000000000000000000000000000000000000000000000111110000000000000000000000000011111111111000000000000000001000000000000000000000000000100000000000000000000000000010000000000000000000000000001000000000000000000000000000111110000000000000000000000000001111100000000000000000000000000011000000000000000000000000000110000000000000000000000000001000000000000000000000000000100000000000000000000000000011000000000000010000000000001000000000000001100000000000100000000000000011100000000010000000000000000011100000011000000000000000000001110011000000000000000000000001111000000000000000000000000000000000000000000000000000000000000000000000000000000000000000000000000000000000000000000000000000000000000000000000000000000
5
0000000000000000000000000000000000000000000000000000000000000000000000000000000000000000000000000000000000000000000000000000000000000000000000000001111111111111111000000000000000010000000000000000000000000011000000000000000000000000001000000000000000000000000000100000000000000000000000000010000000000000000000000000011000000000000000000000000001111110000000000000000000000000000111000000000000000000000000000111000000000000000000000000000100000000000000000000000000010000000000000000000000000001100000000000011000000000000100000000000000111000000000110000000000000000111000000010000000000000000000111100111000000000000000000000011110000000000000000000000000000000000000000000000000000000000000000000000000000000000000000000000000000000000000000000000000000000000000000000000000000000
5
0000000000000000000000000000000000000000000000000000000000000000000000000000000000000000000000000000000000000000000000000001111111111100000000000011111100000000000000000000000000110000000000000000000000000010000000000000000000000000001000000000000000000000000000100000000000000000000000000010000000000000000000000000001000000000000000000000000000111111100000000000000000000000000011100000000000000000000000000011000000000000000000000000000100000000000000000000000000010000000000000000000000000001000000000000000000000000000100000000000000000000000000010000000000000011000000000011000000000000000110000000001000000000000000001100000001100000000000000000001111111100000000000000000000000000000000000000000000000000000000000000000000000000000000000000000000000000000000000000000000000000
5
0000000000000000000000000000000000000000000000000000000000000000000000000000000000000000000000000000000000000000000000000000000000111000000000000000011111111110000000000000001111100000000000000000000000000110000000000000000000000000010000000000000000000000000001000000000000000000000000000100000000000000000000000000010000000000000000000000000001111111111000000000000000000000000000110000000000000000000000000001100000000000000000000000000011000000000000000000000000000100000000000000000000000000010000000000000000000000000011000000000000011000000000001000000000000000111100000011000000000000000000011111111000000000000000000000000000000000000000000000000000000000000000000000000000000000000000000000000000000000000000000000000000000000000000000000000000000000000000000000000000000000
5
0000000000000000000000000000000000000000000000000000000000000000000000000000000000000000000000000000000000000000000000000000000000000000000000000000010111111111110000000000011111110000000000000000000000000100000000000000000000000000010000000000000000000000000001000000000000000000000000000100000000000000000000000000010000000000000000000000000001111111000000000000000000000000000111000000000000000000000000000100000000000000000000000000010000000000000000000000000001100000000000000000000000000110000000000000000000000000010000000000000000110000000001000000000000000001100000001100000000000000000011100001100000000000000000000011111100000000000000000000000000000000000000000000000000000000000000000000000000000000000000000000000000000000000000000000000000000000000000000000000000000000
5
0000000000000000000000000000000000000000000000000000000000000000000000000000000000000000000000000000000000000000000000011010000000000000000000000001111111111100000000000000000001100000011111000000000000000100000000000000000000000000010000000000000000000000000001000000000000000000000000000100000000000000000000000000010000000000000000000000000001111111000000000000000000000000000111100000000000000000000000000010000000000000000000000000001000000000000001000000000000100000000000000010000000000010000000000000001100000000011000000000000000011100000001000000000000000000011000000100000000000000000000111100110000000000000000000000011110000000000000000000000000000000000000000000000000000000000000000000000000000000000000000000000000000000000000000000000000000000000000000000000000000000
5
0000000000000000000000000000000000000000000000000000000000000000000000000000000000000000000000000000000000000000000000000001000000000000000000000001111111111111000000000000000000110000111100000000000000000010000000000000000000000000001000000000000000000000000000100000000000000000000000000110000000000000000000000000011111111000000000000000000000000000111000000000000000000000000000100000000000000000000000000011000000000000000000000000000100000000000000000000000000010000000000000000000000000001000000000000001100000000001100000000000000011000000000100000000000000000110000000110000000000000000000110000110000000000000000000000111110000000000000000000000000000000000000000000000000000000000000000000000000000000000000000000000000000000000000000000000000000000000000000000000000000000
5
0000000000000000000000000000000000000000000000000000000000000000000000000000000000000000000000000000000000000000000000111111111111111110000000000000001000000000000000000000000000100000000000000000000000000010000000000000000000000000001000000000000000000000000000100000000000000000000000000010000000000000000000000000001110000000000000000000000000001111000000000000000000000000000111000000000000000000000000000110000000000000000000000000001100000000000000100000000000010000000000000010000000000001000000000000001100000000000100000000000000011000000000010000000000000000111000000011000000000000000000110000011000000000000000000001110011000000000000000000000001110000000000000000000000000000000000000000000000000000000000000000000000000000000000000000000000000000000000000000000000000000
5
0000000000000000000000000000000000000000000000000000000000000000000000000000000000000000000111111100000000000000000000000010011111110000000000000000001000000001110000000000000000100000000000000000000000000010000000000000000000000000001000000000000000000000000000111000000000000000000000000000111110000000000000000000000000001110000000000000000000000000001100000000000000000000000000010000000000000000000000000001000000000000000000000000000100000000000000000000000000010000000000000001100000000001000000000000000011000000001000000000000000000111000001100000000000000000000111101100000000000000000000000011100000000000000000000000000000000000000000000000000000000000000000000000000000000000000000000000000000000000000000000000000000000000000000000000000000000000000000000000000000000000
5
0000000000000000000000000000000000000000000000000000000000000000000000000000000000000000000000010001111111100000000000001111111100000000000000000000100100000000000000000000000000110000000000000000000000000010000000000000000000000000001000000000000000000000000000100000000000000000000000000010000000000000000000000000001000000000000000000000000000111111000000000000000000000000000111000000000000000000000000000110000000000000000000000000001000000000000000000000000000100000000000000001100000000010000000000000000011000000001000000000000000000110000000100000000000000000001100000110000000000000000000011101110000000000000000000000011100000000000000000000000000000000000000000000000000000000000000000000000000000000000000000000000000000000000000000000000000000000000000000000000000000000
5
0000000000000000000000000000000000000000000000000000000000000000000100000000000000000000000000110000000000000000000000000010000000000000000000000111111111111111111000000000010000100000000000000000000000000010000000000000000000000000011000000000000000000000000001000000000000000000000000000111110000000000000000000000010001111000000000000000000000000000110000000000000000000000000001100000000000000000000000000010000000000000000000000000001000000000000000000000000000100000000000000100000000000110000000000000011000000000010000000000000000100000000011000000000000000011000000001000000000000000000111000001100000000000000000000111111000000000000000000000000000000000000000000000000000000000000000000000000000000000000000000000000000000000000000000000000000000000000000000000000000000000
5
0000000000000000000000000000000000000000000000000000000000000000000000000000000000000000000000000000000000000000000000000000000000000000000000000111111111111111110000000000000000110000000000000000000000000010000000000000000000000000001000000000000000000000000000100000000000000000000000000010000000000000000000000000001000000000000000000000000000100000000000000000000000000011111000000000000000000000000000111100000000000000000000000000011000000000000000000000000000110000000000000010000000000001000000000000001000000000000100000000000000110000000000110000000000000001110000000010000000000000000001110000011000000000000000000001111111000000000000000000000000000000000000000000000000000000000000000000000000000000000000000000000000000000000000000000000000000000000000000000000000000000
5
0000000000000000000000000000000000000000000000000000000000000000000000000000000000000000000000000000000000000000000000000000000000000000000000000000000000000000000000000000000111111111111111110000000000000001000000000000000000000000001100000000000000000000000000110000000000000000000000000010000000000000000000000000001000000000000000000000000000100000000000000000000000000011111111100000000000000000000000000011000000000000000000000000000100000000000000000000000000010000000000000000000000000001100000000000000000000000000100000000000000100000000000010000000000000011000000000001000000000000000111000000001100000000000000000111110001100000000000000000000001111100000000000000000000000000000000000000000000000000000000000000000000000000000000000000000000000000000000000000000000000000
5
0000000000000000000000000000000000000000000000000000000000000000000000000000000000000000000000000000000000000000000000001000000000000000000000000011111111111111100000000000000010000000000000000000000000001000000000000000000000000000100000000000000000000000000010000000000000000000000000001000000000000000000000000000111111100000000000000000000000000001110000000000000000000000000001100000000000000000000000000010000000000000000000000000001000000000000000000000000000100000000000000000100000000010000000000000000011000000011000000000000000000110000011000000000000000000001110011000000000000000000000000111000000000000000000000000000000000000000000000000000000000000000000000000000000000000000000000000000000000000000000000000000000000000000000000000000000000000000000000000000000000000
5
0000000000000000000000000000000000000000000000000000000000000000000000000000000000000000000000000000000000000000000000000000000000000000000000000000111110000000000000000000000000011111111110000000000000000001000000001110000000000000000100000000000000000000000000010000000000000000000000000001000000000000000000000000000100000000000000000000000000010000000000000000000000000001111111000000000000000000000000000110000000000000000000000000001000000000000000000000000000100000000000001000000000000011000000000000100000000000001000000000000011000000000000100000000000000111000000000010000000000000000111000000010000000000000000000111100011000000000000000000000011111000000000000000000000000000000000000000000000000000000000000000000000000000000000000000000000000000000000000000000000000000
5
0000000000000000000000000000000000000000000000000000000000000000000000000000000000000000000000000000000000000000000000000000000000000000000000000000000110000000000000000000000011111111111111000000000000000001000000011100000000000000000100000000000000000000000000010000000000000000000000000001000000000000000000000000000100000000000000000000000000011111100000000000000000000001000011000000000000000000000000000110000000000000000000000000001000000000000000000000000000100000000000000000000000000010000000000000010000000000001000000000000001100000000000100000000000000011000000000110000000000000000110000000110000000000000000000110000110000000000000000000000111110000000000000000000000000000000000000000000000000000000000000000000000000000000000000000000000000000000000000000000000000000
5
0000000000000000000000000000000000000000000000000000000000000000000000000000000000000000000000000000000000000000000000000000000000000000000000000000000000000000000000000000000000011000000000000000000000001111111111111110000000000000000100000000000000000000000000110000000000000000000000000010000000000000000000000000001000000000000000000000000000100000000000000000000000000010000000000000000000000000001111111000000000000000000000000000110000000000000000000000000000100000000000000000000000000010000000000000000000000000001000000000000000000000000000100000000000000000000000000010000000000000001100000000001000000000000000011000000001100000000000000000111000011100000000000000000000111111000000000000000000000000000000000000000000000000000000000000000000000000000000000000000000000000
5
0000000000000000000000000000000000000000000000000000000000000000000000000000000000000000000000000000000000000000000000000000000000000000000000000000000000000001000000000000000011111111111100000000000000111100000000000000000000000000010000000000000000000000000001000000000000000000000000000100000000000000000000000000010000000000000000000000000001111100000000000000000000000100011110000000000000000000000000000100000000000000000000000000001000000000000000000000000000100000000000000000000000000010000000000000000000000000001000000000000000000000000001100000000000000000000000000100000000000000000110000000110000000000000000001100000110000000000000000000011111110000000000000000000000000000000000000000000000000000000000000000000000000000000000000000000000000000000000000000000000000000
5
0000000000000000000000000000000000000000000000000000000000000000000000000000000000000000000000000000000000000000000000000000000000000000000000000000000100000000000000000000000011111111110001000000000000001111111111111100000000000000000100000000000000000000000000010000000000000000000000000001000000000000000000000000001100000000000000000000000000100000000000000000000000000011111111100000000000000000001000000011000000000000000000000000000010000000000000000000000000001000000000000000000000000000100000000000000000000000000010000000000000000000000000001000000000000100000000000000100000000000001100000000000010000000000000011000000000011000000000000000011000000011000000000000000000111000011000000000000000000000111110000000000000000000000000000000000000000000000000000000000000000000
5
0000000000000000000000000000000000000000000000000000000000000000000000000000000000000000000000000000000000000000000000000000000000000000000000000000001000000000000000000000000111111111111100000000000000000010000000000000000000000000011000000000000000000000000001000000000000000000000000000100000000000000000000000000010000000000000000000000000001000000000000000000000000000111100000000000000000000000010011111000000000000000000000000000110000000000000000000000000001100000000000000000000000000010000000000010000000000000001000000000001000000000000000100000000000110000000000000010000000000001110000000000011000000000000001110000000011000000000000000001111000111000000000000000000000111110000000000000000000000000000000000000000000000000000000000000000000000000000000000000000000000000
5
0000000000000000000000000000000000000000000000000000000000000000000000000000000000000000000000000000000000000000000000000000000000000000000000000000011111111111100000000000000000001000000000000000000000000000100000000000000000000000000110000000000000000000000000010000000000000000000000000001000000000000000000000000000100000000000000000000000000011111111000000000000000000001100000111000000000000000000000000000110000000000000000000000000001000000000000000000000000000110000000000000000000000000011000000000000000000000000001000000000000011000000000000100000000000000110000000000110000000000000001100000001110000000000000000001111111100000000000000000000000010000000000000000000000000000000000000000000000000000000000000000000000000000000000000000000000000000000000000000000000000000
5
0000000000000000000000000000000000000000000000000000000000000000000000000000000000000000000000000000000000000000000000000000000000000000000000000000001100000000000000000000001111111111111111000000000000000010000000000000000000000000001000000000000000000000000000100000000000000000000000000010000000000000000000000000001000000000000000000000000000111111000000000000000000000000000111100000000000000000000000000011000000000000000000000000000100000000000000000000000000011000000000000000000000000000100000000000000010000000000010000000000000001100000000001000000000000000010000000001100000000000000000100000000100000000000000000011100000110000000000000000000011111110000000000000000000000000000000000000000000000000000000000000000000000000000000000000000000000000000000000000000000000000
5
0000000000000000000000000000000000000000000000000000000000000000000000000000000000000000000000000000000000000000000000011111111111111000000000000000001000000000000000000000000000100000000000000000000000000010000000000000000000000000011000000000000000000000000001000000000000000000000000000100000000000000000000000000011111000000000000000000000001000111100000000000000000000000000011100000000000000000000000000011000000000000000000000000000100000000000000000000000000011000000000000100000000000000100000000000011000000000000010000000000000100000000000010000000000000001100000000001000000000000000011000000001100000000000000000111000001100000000000000000000111111100000000000000000000000011000000000000000000000000000000000000000000000000000000000000000000000000000000000000000000000000
5
0000000000000000000000000000000000000000000000000000000000000000000000000000000000000000000000000000000000000000000000000001100000000010000000000000011111111111111000000000000000010000000000000000000000000001000000000000000000000000001100000000000000000000000000100000000000000000000000000010000000000000000000000000001000000000000000000000000000111111000000000000000000000000000111000000000000000000000000000110000000000000000000000000001000000000000000000000000000100000000000000000000000000010000000000001100000000000001000000000000010000000000000100000000000001100000000000110000000000000011000000000010000000000000000110000000011000000000000000001111000111000000000000000000000011110000000000000000000000000000000000000000000000000000000000000000000000000000000000000000000000000
5
0000000000000000000000000000000000000000000000000000000000000000000000000000000000000000000000000000000000000000000000000000000000000000000000000000001000000000100000000000000111111111111110000000000000000010000000000000000000000000001000000000000000000000000001100000000000000000000000000100000000000000000000000000010000000000000000000000000001001100000000000000000000000111111110000000000000000000000000001100000000000000000000000000011000000000000000000000000000100000000000000001000000000010000000000000000100000000001000000000000000011000000000100000000000000000100000000110000000000000000011000000010000000000000000000111000011000000000000000000000111111000000000000000000000000000000000000000000000000000000000000000000000000000000000000000000000000000000000000000000000000000
5
0000000000000000000000000000000000000000000000000000000000000000000000000000000000000000000000000000000000000000000000000000000001111110000000000000011111111100000000000000000110110000000000000000000000000011000000000000000000000000001000000000000000000000000000100000000000000000000000000010000000000000000000000000001000000000000000000000000000111111111000000000000000000011000000110000000000000000000000000001000000000000000000000000000110000000000000000000000000001000000000000000000000000000100000000000000000000000000010000000000000000000000000011000000000000011000000000001000000000000000111000000001100000000000000000111000000100000000000000000000111101110000000000000000000000011100000000000000000000000000000000000000000000000000000000000000000000000000000000000000000000000