6
0000000000000000000000000000000000000000000000000000000000000000000000000000000000000000000000000110000000000000000000000000110000000000000000000000000110000000000000000000000000011000000000000000000000000011000000000000000000000000001000000000000000000000000001101110000000000000000000001111101111000000000000000000110000000110000000000000000010000000001100000000000000001000000000010000000000000001100000000001100000000000000100000000000010000000000000010000000000001000000000000001000000000000100000000000000100000000000110000000000000010000000000010000000000000001000000000011000000000000000110000000111000000000000000001110001110000000000000000000001111100000000000000000000000000000000000000000000000000000000000000000000000000000000000000000000000000000000000000000000000000000
6
0000000000000000000000000000000000000000000000000000000000000000000001100000000000000000000000001100000000000000000000000001100000000000000000000000000100000000000000000000000000100000000000000000000000000110000000000000000000000000010000000000000000000000000010000000000000000000000000001000010000000000000000000001111111111100000000000000001110000000010000000000000000110000000001100000000000000001000000000010000000000000000100000000001000000000000000010000000000100000000000000001000000000010000000000000000100000000011000000000000000010000000011000000000000000001100000011000000000000000000010000111000000000000000000001111110000000000000000000000000000000000000000000000000000000000000000000000000000000000000000000000000000000000000000000000000000000000000000000000000000000000
6
0000000000000000000000000000000000000000000000000000000000000000000011000000000000000000000000011000000000000000000000000001000000000000000000000000011000000000000000000000000001000000000000000000000000001100000000000000000000000001100000000000000000000000000100000000000000000000000000110000000000000000000000000010011111111000000000000000011111000000110000000000000011000000000001000000000000000100000000000100000000000000010000000000010000000000000001000000000001000000000000000100000000001100000000000000010000000001100000000000000001000000000100000000000000000110000000110000000000000000001000001110000000000000000000111111100000000000000000000000000000000000000000000000000000000000000000000000000000000000000000000000000000000000000000000000000000000000000000000000000000000000
6
0000000000000000000000000000000000000000000000000000000000000000000001100000000000000000000000001100000000000000000000000001100000000000000000000000001100000000000000000000000000100000000000000000000000000110000000000000000000000000010000000000000000000000000010000000000000000000000000011000011111000000000000000001011111000111000000000000000111000000000100000000000000010000000000010000000000000011000000000001000000000000001000000000000100000000000000100000000000010000000000000010000000000001000000000000001000000000001100000000000000110000000001100000000000000001000000000100000000000000000110000001100000000000000000001110011100000000000000000000001111000000000000000000000000000000000000000000000000000000000000000000000000000000000000000000000000000000000000000000000000000000
6
0000000000000000000000000000000000000000000000000000000000000000000001100000000000000000000000001100000000000000000000000001100000000000000000000000001100000000000000000000000001100000000000000000000000001100000000000000000000000000100000000000000000000000000110000000000000000000000000111111100000000000000000000011000011110000000000000000001100000001110000000000000000100000000001100000000000000010000000000010000000000000001000000000001000000000000000100000000000100000000000000010000000000010000000000000001000000000011000000000000000110000000011000000000000000001100000111000000000000000000011111110000000000000000000000000000000000000000000000000000000000000000000000000000000000000000000000000000000000000000000000000000000000000000000000000000000000000000000000000000000000000
6
0000000000000000000000000000000000000000000000000000000000000000000000010000000000000000000000000111000000000000000000000000110000000000000000000000000110000000000000000000000000110000000000000000000000000110000000000000000000000000010000000000000000000000000011000000000000000000000000011000000000000000000000000001000000000000000000000000000101111100000000000000000000111000011110000000000000000010000000001100000000000000001000000000011000000000000000100000000000100000000000000010000000000010000000000000001100000000001100000000000000010000000000100000000000000001000000000010000000000000000110000000011000000000000000001100000011000000000000000000011100111000000000000000000000111100000000000000000000000000000000000000000000000000000000000000000000000000000000000000000000000000
6
0000000000000000000000000000000000000000000000000000000000000000000001100000000000000000000000001100000000000000000000000011100000000000000000000000001100000000000000000000000001000000000000000000000000001000000000000000000000000001100000000000000000000000001100000000000000000000000000100000000000000000000000000110000000000000000000000000011111110000000000000000000001100001111000000000000000000100000000110000000000000000010000000001100000000000000001000000000010000000000000000100000000001000000000000000010000000000110000000000000001000000000011000000000000000100000000001000000000000000011000000001100000000000000000110000011100000000000000000001111111000000000000000000000000000000000000000000000000000000000000000000000000000000000000000000000000000000000000000000000000000000
6
0000000000000000000000000000000000000000000000000000000000000000000000110000000000000000000000000110000000000000000000000000110000000000000000000000000110000000000000000000000000110000000000000000000000000110000000000000000000000000010000000000000000000000000010000000000000000000000000001000000000000000000000000001100000000000000000000000000111111111100000000000000000010000000011000000000000000001000000000110000000000000000100000000001000000000000000010000000000100000000000000001000000000010000000000000000100000000001000000000000000010000000011100000000000000001100000111100000000000000000011111110000000000000000000000000000000000000000000000000000000000000000000000000000000000000000000000000000000000000000000000000000000000000000000000000000000000000000000000000000000000000
6
0000000000000000000000000000000000000000110000000000000000000000001111110000000000000000000001100001100000000000000000011100000010000000000000000011000000000000000000000000011000000000000000000000000011000000000000000000000000001000000000000000000000000000100000000000000000000000000010000000000000000000000000001000000000000000000000000001100011111111100000000000000111111000000011000000000000001100000000000100000000000000100000000000010000000000000010000000000001000000000000001000000000000100000000000000110000000000010000000000000001100000000011000000000000000011000000011000000000000000000111111111000000000000000000000000000000000000000000000000000000000000000000000000000000000000000000000000000000000000000000000000000000000000000000000000000000000000000000000000000000000000
6
0000000000000000000000000000000000000000000000000000000000000000000000000000000000000000000000000000000000000000000000000000000000000000000000000000001111111000000000000000000001100000000000000000000000001100000000000000000000000001100000000000000000000000001100000000000000000000000000100000000000000000000000000110000000000000000000000000010000000000000000000000000001000000000000000000000000000100001111111000000000000000110111100000110000000000000011110000000001100000000000001110000000000010000000000000110000000000001000000000000001000000000001100000000000000100000000001100000000000000011000000001100000000000000000111000011100000000000000000000111111000000000000000000000000000000000000000000000000000000000000000000000000000000000000000000000000000000000000000000000000000000
6
0000000000000000000000000000000000000000000000000000000000000000000000000000000000000000000000000001100000000000000000000000011100000000000000000000000011000000000000000000000000001000000000000000000000000001100000000000000000000000000100000000000000000000000000110000000000000000000000000010000000000000000000000000011000000000000000000000000001111111110000000000000000001100000001100000000000000000110000000001000000000000000011000000000100000000000000001000000000010000000000000000100000000001000000000000000010000000001100000000000000001000000001100000000000000000100000001100000000000000000010000001100000000000000000001100011100000000000000000000011111000000000000000000000000000000000000000000000000000000000000000000000000000000000000000000000000000000000000000000000000000000
6
0000000000000000000000000000000000000000000000000000000000000000000000000000000000000000000000000000000000000000000000000000011000000000000000000000000111000000000000000000000000110000000000000000000000000110000000000000000000000000110000000000000000000000000010000000000000000000000000011000000000000000000000000001000000000000000000000000000100000000000000000000000000010000111111100000000000000001111100000010000000000000000110000000001000000000000000010000000000100000000000000001000000000010000000000000000100000000001000000000000000010000000001100000000000000001100000001100000000000000000011000001100000000000000000000111111100000000000000000000000000000000000000000000000000000000000000000000000000000000000000000000000000000000000000000000000000000000000000000000000000000000
6
0000000000000000000000000000000000000000000011000000000000000000000000111000000000000000000000001110000000000000000000000001100000000000000000000000001100000000000000000000000001100000000000000000000000000100000000000000000000000000110000000000000000000000000010000000000000000000000000001000000000000000000000000001100011110000000000000000000111111001111000000000000000111000000000110000000000000111000000000001100000000000000100000000000010000000000000010000000000001000000000000001000000000000100000000000000100000000000110000000000000010000000000010000000000000001000000000011000000000000000110000000011000000000000000001000000011000000000000000000011001111000000000000000000000111100000000000000000000000000000000000000000000000000000000000000000000000000000000000000000000000000
6
0000000000000000000000000000000000000000000000000000000000000000000000000000000000000000000000000111000000000000000000000000110000000000000000000000000110000000000000000000000000110000000000000000000000000010000000000000000000000000010000000000000000000000000001000000000000000000000000001100000000000000000000000000100000000000000000000000000010000111111000000000000000001011110000100000000000000000111000000010000000000000000010000000001000000000000000001000000000100000000000000000100000000010000000000000000010000000001000000000000000001000000001100000000000000000100000001100000000000000000011000001100000000000000000000100011100000000000000000000001111000000000000000000000000000000000000000000000000000000000000000000000000000000000000000000000000000000000000000000000000000000
6
0000000000000000000000000000000000000000000000000000000000000000000000011000000000000000000000000111100000000000000000000000110000000000000000000000000110000000000000000000000000010000000000000000000000000010000000000000000000000000011000000000000000000000000011000000000000000000000000001000000000000000000000000001100000000000000000000000000110000000000000000000000000011111111111000000000000000001100000000110000000000000000100000000001000000000000000010000000000100000000000000001000000000110000000000000000100000000010000000000000000010000000001000000000000000001000000001100000000000000000100000001100000000000000000011101111000000000000000000000011100000000000000000000000000000000000000000000000000000000000000000000000000000000000000000000000000000000000000000000000000000000
6
0000000000000000000000000000000000000000000000000000000000000000000000000000000000000000000000000000000000000000000000000000011000000000000000000000000011000000000000000000000000011000000000000000000000000011000000000000000000000000001000000000000000000000000001000000000000000000000000001100000000000000000000000000100000000000000000000000000010000000000000000000000000011111111110000000000000000001000000001110000000000000000100000000001100000000000000010000000000010000000000000001000000000001100000000000000100000000000010000000000000010000000000001000000000000001000000000001100000000000000100000000000100000000000000011000000000110000000000000000100000000110000000000000000011000001110000000000000000000111111000000000000000000000000000000000000000000000000000000000000000000000
6
0000000000000000000000000000000000000000000000000000000000000000000000110000000000000000000000000110000000000000000000000000110000000000000000000000000110000000000000000000000000110000000000000000000000000110000000000000000000000000010000000000000000000000000011000000000000000000000000001000000000000000000000000000100000000000000000000000000111111111000000000000000000010000000111000000000000000001000000000100000000000000000100000000010000000000000000010000000001000000000000000001000000000100000000000000000100000000010000000000000000011000000011000000000000000000100000011000000000000000000011000011000000000000000000000111111000000000000000000000000000000000000000000000000000000000000000000000000000000000000000000000000000000000000000000000000000000000000000000000000000000000
6
0000000000000000000000000000000000000000000000000000000000000000000000110000000000000000000000000110000000000000000000000000110000000000000000000000000110000000000000000000000000110000000000000000000000000010000000000000000000000000011000000000000000000000000001000000000000000000000000001100000000000000000000000000100000000000000000000000000010000000000000000000000000001111111000000000000000000001100000011100000000000000000100000000011000000000000000010000000000100000000000000001000000000010000000000000000100000000001000000000000000011000000000100000000000000000100000000010000000000000000011000000011000000000000000000111000111000000000000000000000111110000000000000000000000000000000000000000000000000000000000000000000000000000000000000000000000000000000000000000000000000000
6
0000000000000000000000000000000000000000000000000000000000000000000000000000000000000000000000000000000000000000000000000000011000000000000000000000000011100000000000000000000000011000000000000000000000000011000000000000000000000000011000000000000000000000000001000000000000000000000000001100000000000000000000000000100000000000000000000000000111111111000000000000000000010000000111000000000000000001000000000100000000000000000100000000011000000000000000010000000000100000000000000001000000000010000000000000000100000000001000000000000000010000000000100000000000000001000000000110000000000000000110000000110000000000000000001000000110000000000000000000111011110000000000000000000000111000000000000000000000000000000000000000000000000000000000000000000000000000000000000000000000000000
6
0000000000000000000000000000000000000000000000000000000000000000000000110000000000000000000000000110000000000000000000000000110000000000000000000000000110000000000000000000000000010000000000000000000000000011000000000000000000000000001000000000000000000000000001000000000000000000000000000100000000000000000000000000111111000000000000000000000011100111100000000000000000001000000001000000000000000000100000000010000000000000000010000000001000000000000000001000000000110000000000000000100000000001000000000000000010000000001100000000000000001000000000100000000000000000100000000010000000000000000011000000011000000000000000000111111111000000000000000000000110000000000000000000000000000000000000000000000000000000000000000000000000000000000000000000000000000000000000000000000000000000
6
0000000000000000000000000000000000000000000000000000000000000000000000000000000000000000000000000100000000000000000000000000110000000000000000000000000110000000000000000000000000110000000000000000000000000010000000000000000000000000011000000000000000000000000001000000000000000000000000001000000000000000000000000001100000000000000000000000001111111111000000000000000001110000000110000000000000000011000000001100000000000000001000000000010000000000000000100000000001000000000000000010000000001100000000000000001000000000100000000000000000100000000110000000000000000010000000010000000000000000001000000011000000000000000000110000011000000000000000000001000111000000000000000000000111110000000000000000000000000000000000000000000000000000000000000000000000000000000000000000000000000000
6
0000000000000000000000000000000000000000000000000000000000000000000000000000000000000000000000000110000000000000000000000000110000000000000000000000000110000000000000000000000000010000000000000000000000000011000000000000000000000000001000000000000000000000000001100000000000000000000000000100000000000000000000000000010000000000000000000000000011111111000000000000000000001000000011100000000000000000100000000011000000000000000010000000000100000000000000001000000000010000000000000000100000000001000000000000000011000000001100000000000000000110000000100000000000000000001111001100000000000000000000000111100000000000000000000000000000000000000000000000000000000000000000000000000000000000000000000000000000000000000000000000000000000000000000000000000000000000000000000000000000000000
6
0000000000000000000000000000000000000000000000000000000000000000000000000000000000000000000000000011100000000000000000000000011000000000000000000000000001000000000000000000000000001100000000000000000000000001100000000000000000000000000100000000000000000000000000010000000000000000000000000011000000000000000000000000001000000000000000000000000000111111110000000000000000000110000001100000000000000000010000000010000000000000000001000000001000000000000000000100000000100000000000000000010000000110000000000000000001000000010000000000000000000100000010000000000000000000011000011000000000000000000000110111000000000000000000000001110000000000000000000000000000000000000000000000000000000000000000000000000000000000000000000000000000000000000000000000000000000000000000000000000000000000
6
0000000000000000000000000000000000000000000000000000000000000000000000000000000000000000000000000000110000000000000000000000001110000000000000000000000001100000000000000000000000001100000000000000000000000000100000000000000000000000000110000000000000000000000000110000000000000000000000000010000000000000000000000000001000000000000000000000000001111111100000000000000000000100000011000000000000000000010000000110000000000000000011000000001100000000000000001000000000010000000000000000100000000001000000000000000010000000000100000000000000001100000000110000000000000000010000000010000000000000000001100000011000000000000000000011011111000000000000000000000111000000000000000000000000000000000000000000000000000000000000000000000000000000000000000000000000000000000000000000000000000000
6
0000000000000000000000000000000000000000000000000000000000000000000000110000000000000000000000000110000000000000000000000001100000000000000000000000001100000000000000000000000000100000000000000000000000000110000000000000000000000000110000000000000000000000000010000000000000000000000000011000000000000000000000000001000000000000000000000000000111111100000000000000000000110000011110000000000000000010000000001100000000000000001000000000010000000000000000100000000001000000000000000010000000000100000000000000001000000000010000000000000000100000000011000000000000000010000000011000000000000000001100000011000000000000000000011000011000000000000000000000111111000000000000000000000000000000000000000000000000000000000000000000000000000000000000000000000000000000000000000000000000000000
6
0000000000000000000000000000000000000000000000000000000000000000000000001000000000000000000000000011100000000000000000000000011000000000000000000000000011000000000000000000000000001000000000000000000000000001100000000000000000000000001100000000000000000000000000100000000000000000000000000110000000000000000000000000011111100000000000000000000001000011110000000000000000001100000001000000000000000000100000000100000000000000000010000000010000000000000000001000000001000000000000000000100000000100000000000000000010000000110000000000000000001000000110000000000000000000010000110000000000000000000001111110000000000000000000000001000000000000000000000000000000000000000000000000000000000000000000000000000000000000000000000000000000000000000000000000000000000000000000000000000000000000
6
0000000000000000000000000000000000000000000000000000000000000000000000000000000000000000000000000011000000000000000000000000011000000000000000000000000011000000000000000000000000011000000000000000000000000001000000000000000000000000001100000000000000000000000001100000000000000000000000000100000000000000000000000000110000000000000000000000000010000000000000000000000000011000000000000000000000000001111111111100000000000000000100000000011000000000000000110000000000100000000000000010000000000010000000000000001000000000001000000000000000100000000000100000000000000010000000000110000000000000001000000000010000000000000000110000000011000000000000000001100000111000000000000000000011101110000000000000000000000011100000000000000000000000000000000000000000000000000000000000000000000000
6
0000000000000000000000000000000000000000000000000000000000000000000000011000000000000000000000000011000000000000000000000000011000000000000000000000000011000000000000000000000000001000000000000000000000000001100000000000000000000000000100000000000000000000000000110000000000000000000000000010000000000000000000000000011000000000000000000000000001111111000000000000000000000100000111000000000000000000110000000110000000000000000010000000001000000000000000001000000000100000000000000000100000000010000000000000000010000000011000000000000000001100000011000000000000000000010000011000000000000000000001110111000000000000000000000001110000000000000000000000000000000000000000000000000000000000000000000000000000000000000000000000000000000000000000000000000000000000000000000000000000000000
6
0000000000000000000000000000000000000000000000000000000000000000000000001000000000000000000000000001100000000000000000000000001100000000000000000000000001100000000000000000000000001100000000000000000000000000100000000000000000000000000110000000000000000000000000010000000000000000000000000011000000000000000000000000001000000000000000000000000001110000000000000000000000000101111100000000000000000000010000010000000000000000000011000001100000000000000000001000000010000000000000000000100000001000000000000000000010000000100000000000000000001000000110000000000000000000100000010000000000000000000010000011000000000000000000001000011000000000000000000000100011000000000000000000000010011000000000000000000000001111000000000000000000000000000000000000000000000000000000000000000000000000
6
0000000000000000000000000000000000000000000000000000000000000000000000011100000000000000000000000011000000000000000000000000011000000000000000000000000011000000000000000000000000001000000000000000000000000001100000000000000000000000001100000000000000000000000000100000000000000000000000000010000000000000000000000000010000000000000000000000000001011111000000000000000000000111000111000000000000000000010000000100000000000000000001000000010000000000000000000100000001000000000000000000010000000100000000000000000001000000010000000000000000000100000011000000000000000000011000001000000000000000000000110011100000000000000000000001111000000000000000000000000000000000000000000000000000000000000000000000000000000000000000000000000000000000000000000000000000000000000000000000000000000000
6
0000000000000000000000000000000000000000000000000000000000000000000000011000000000000000000000000111000000000000000000000000110000000000000000000000000110000000000000000000000000010000000000000000000000000010000000000000000000000000010000000000000000000000000011000000000000000000000000001000000000000000000000000000111111111100000000000000000010000000011000000000000000010000000000100000000000000001000000000010000000000000000100000000001000000000000000010000000000100000000000000001000000000010000000000000000110000000011000000000000000001000000011000000000000000000100000011000000000000000000011000011000000000000000000000111111000000000000000000000000000000000000000000000000000000000000000000000000000000000000000000000000000000000000000000000000000000000000000000000000000000000
6
0000000000000000000000000000000000000000001000000000000000000000000001100000000000000000000000001100000000000000000000000001100000000000000000000000001100000000000000000000000000100000000000000000000000000110000000000000000000000000010000000000000000000000000001000000000000000000000000001111111100000000000000000000111000011000000000000000000010000000010000000000000000001000000001000000000000000000100000000010000000000000000010000000001000000000000000001000000000100000000000000000110000000110000000000000000001000000010000000000000000000110000011000000000000000000000111111000000000000000000000000110000000000000000000000000000000000000000000000000000000000000000000000000000000000000000000000000000000000000000000000000000000000000000000000000000000000000000000000000000000000000
6
0000000000000000000000000000000000000000001000000000000000000000000001100000000000000000000000001100000000000000000000000000100000000000000000000000000110000000000000000000000000010000000000000000000000000011000000000000000000000000001000000000000000000000000001100000000000000000000000000100000000000000000000000000010000000000000000000000000001111111100000000000000000001100000011100000000000000000100000000010000000000000000010000000001000000000000000001000000000100000000000000000100000000010000000000000000010000000001000000000000000001000000001100000000000000000100000001100000000000000000011000001100000000000000000000110001100000000000000000000001111000000000000000000000000000000000000000000000000000000000000000000000000000000000000000000000000000000000000000000000000000000
6
0000000000000000000000000000000000000000000000000000000000000000000001110000000000000000000000001100000000000000000000000000100000000000000000000000000110000000000000000000000000110000000000000000000000000010000000000000000000000000011000000000000000000000000001000000000000000000000000001100000000000000000000000000100000000000000000000000000010000000000000000000000000011011111110000000000000000001111000001100000000000000000100000000011000000000000000010000000000100000000000000001000000000010000000000000000100000000001000000000000000010000000000100000000000000001100000000110000000000000000010000000110000000000000000001100000110000000000000000000011111110000000000000000000000011000000000000000000000000000000000000000000000000000000000000000000000000000000000000000000000000000
6
0000000000000000000000000000000000000000000000000000000000000000000001100000000000000000000000001100000000000000000000000000100000000000000000000000000110000000000000000000000000110000000000000000000000000010000000000000000000000000011000000000000000000000000001000000000000000000000000001100000000000000000000000000100000000000000000000000000011111111000000000000000000111000000111000000000000000001000000000100000000000000000100000000010000000000000000010000000001000000000000000001000000000100000000000000000100000000010000000000000000010000000011000000000000000001000000001000000000000000000100000001100000000000000000011000001100000000000000000000110001100000000000000000000001111100000000000000000000000000000000000000000000000000000000000000000000000000000000000000000000000000
6
0000000000000000000000000000000000000000000000000000000000000000000001100000000000000000000000001100000000000000000000000000100000000000000000000000000100000000000000000000000000110000000000000000000000000010000000000000000000000000001000000000000000000000000001100000000000000000000000000100000000000000000000000000010000000000000000000000000001111111111110000000000000001110000000001000000000000000110000000000110000000000000010000000000001000000000000001000000000000100000000000000100000000000110000000000000010000000000010000000000000001000000000011000000000000000110000000001000000000000000001000000001000000000000000000110000001100000000000000000001100011000000000000000000000011111000000000000000000000000000000000000000000000000000000000000000000000000000000000000000000000000
6
0000000000000000000000000000000000000000000000000000000000000000000011000000000000000000000000001100000000000000000000000001100000000000000000000000001100000000000000000000000000100000000000000000000000000110000000000000000000000000010000000000000000000000000001000000000000000000000000001000000000000000000000000000100000000000000000000000000011111111110000000000000000011100000001110000000000000011100000000001000000000000000010000000000100000000000000001000000000010000000000000000100000000001000000000000000010000000001100000000000000001000000000100000000000000000100000000110000000000000000011000000110000000000000000000110000110000000000000000000001111110000000000000000000000000000000000000000000000000000000000000000000000000000000000000000000000000000000000000000000000000000
6
0000000000000000000000000000000000000000000000000000000000000000000000011000000000000000000000001111000000000000000000000001100000000000000000000000011100000000000000000000000011000000000000000000000000001000000000000000000000000001100000000000000000000000000100000000000000000000000000110000000000000000000000000010000000000000000000000000001000111110000000000000000000111110001110000000000000000111000000001000000000000000011000000000100000000000000000100000000010000000000000000010000000001000000000000000001000000000100000000000000000100000000110000000000000000011000000110000000000000000000100001110000000000000000000011111100000000000000000000000000000000000000000000000000000000000000000000000000000000000000000000000000000000000000000000000000000000000000000000000000000000000
6
0000000000000000000000000000000000000000000000000000000000000000000000110000000000000000000000000110000000000000000000000000010000000000000000000000000010000000000000000000000000011000000000000000000000000001000000000000000000000000000100000000000000000000000000110000000000000000000000000010000000000000000000000000001011111111000000000000000000111000000100000000000000000110000000011000000000000000001000000000100000000000000000100000000010000000000000000010000000001000000000000000001000000001100000000000000000100000000100000000000000000010000000110000000000000000001100000010000000000000000000011000111000000000000000000000111110000000000000000000000000000000000000000000000000000000000000000000000000000000000000000000000000000000000000000000000000000000000000000000000000000000
6
0000000000000000000000000000000000000000000000000000000000000000000000100000000000000000000000000110000000000000000000000000110000000000000000000000000110000000000000000000000000010000000000000000000000000010000000000000000000000000011000000000000000000000000001000000000000000000000000001100000000000000000000000000100000000000000000000000000010111111000000000000000000001110000110000000000000000001100000001100000000000000000110000000010000000000000000010000000001000000000000000001000000001100000000000000000110000000100000000000000000001000000110000000000000000000100000110000000000000000000011111110000000000000000000000000000000000000000000000000000000000000000000000000000000000000000000000000000000000000000000000000000000000000000000000000000000000000000000000000000000000000
6
0000000000000000000000000000000000000000001100000000000000000000000001100000000000000000000000001100000000000000000000000000100000000000000000000000000110000000000000000000000000110000000000000000000000000010000000000000000000000000011000000000000000000000000001000000000000000000000000001100000000000000000000000000111111111100000000000000000110000000011000000000000000001000000000100000000000000001000000000010000000000000000100000000001000000000000000010000000000100000000000000001000000000110000000000000000110000000010000000000000000001000000011000000000000000000110000111000000000000000000001111110000000000000000000000000000000000000000000000000000000000000000000000000000000000000000000000000000000000000000000000000000000000000000000000000000000000000000000000000000000000000
6
0000000000000000000000000000000000000000000000000000000000000000000000110000000000000000000000000110000000000000000000000000110000000000000000000000000110000000000000000000000000110000000000000000000000000010000000000000000000000000011000000000000000000000000011000000000000000000000000001000000000000000000000000001100000000000000000000000000100000010000000000000000000011111111110000000000000000011100000001100000000000000001000000000010000000000000000100000000001000000000000000010000000001100000000000000001000000000100000000000000000100000000110000000000000000010000000010000000000000000000100000011000000000000000000011000111000000000000000000000111110000000000000000000000000000000000000000000000000000000000000000000000000000000000000000000000000000000000000000000000000000000
6
0000000000000000000000000000000000000000000010000000000000000000000000111000000000000000000000000110000000000000000000000000110000000000000000000000000010000000000000000000000000010000000000000000000000000011000000000000000000000000001000000000000000000000000001100000000000000000000000000100000000000000000000000000010011111100000000000000000011111000011000000000000000001100000000100000000000000000100000000010000000000000000010000000001000000000000000001000000001100000000000000000100000000110000000000000000010000000010000000000000000001000000011000000000000000000110000011000000000000000000001100111000000000000000000000011110000000000000000000000000000000000000000000000000000000000000000000000000000000000000000000000000000000000000000000000000000000000000000000000000000000000
6
0000000000000000000000000000000000000000000000000000000000000000000000110000000000000000000000000110000000000000000000000000110000000000000000000000000110000000000000000000000000110000000000000000000000000010000000000000000000000000011000000000000000000000000001000000000000000000000000000100011111000000000000000000100111000100000000000000000011100000010000000000000000001000000001000000000000000000100000000100000000000000000010000000010000000000000000010000000001000000000000000001000000001100000000000000000100000000100000000000000000010000000110000000000000000001100000110000000000000000000010000010000000000000000000001110111000000000000000000000001110000000000000000000000000000000000000000000000000000000000000000000000000000000000000000000000000000000000000000000000000000000
6
0000000000000000000000000000000000000000000000000000000000000000000000000000000000000000000000000011000000000000000000000000001000000000000000000000000001000000000000000000000000001100000000000000000000000000100000000000000000000000000100000000000000000000000000010000000000000000000000000010000000000000000000000000001000000000000000000000000001111100000000000000000000000100011111000000000000000000010000000110000000000000000001000000001000000000000000001100000000100000000000000000100000000110000000000000000010000000010000000000000000001100000011000000000000000000010000011000000000000000000001000011000000000000000000000111111000000000000000000000000000000000000000000000000000000000000000000000000000000000000000000000000000000000000000000000000000000000000000000000000000000000
6
0000000000000000000000000000000000000000000000000000000000000000000000000000000000000000000000000110000000000000000000000000110000000000000000000000000010000000000000000000000000011000000000000000000000000001000000000000000000000000000100000000000000000000000000110000000000000000000000000010000000000000000000000000001000000000000000000000000000101111000000000000000000000111100111000000000000000000010000000100000000000000000001000000010000000000000000000100000001000000000000000000010000000100000000000000000001000000110000000000000000000110000110000000000000000000001100110000000000000000000000011110000000000000000000000000000000000000000000000000000000000000000000000000000000000000000000000000000000000000000000000000000000000000000000000000000000000000000000000000000000000000
6
0000000000000000000000000000000000000000000010000000000000000000000000111000000000000000000000000110000000000000000000000000110000000000000000000000000110000000000000000000000000010000000000000000000000000011000000000000000000000000011000000000000000000000000001000000000000000000000000001100000000000000000000000000100000000000000000000000000011111111000000000000000000011000000011000000000000000001000000000100000000000000000100000000010000000000000000010000000001000000000000000001000000000100000000000000000100000000010000000000000000010000000001000000000000000001100000001100000000000000000010000001100000000000000000001100001100000000000000000000011111100000000000000000000000000000000000000000000000000000000000000000000000000000000000000000000000000000000000000000000000000000
6
0000000000000000000000000000000000000000000000000000000000000000000000100000000000000000000000000110000000000000000000000000110000000000000000000000000010000000000000000000000000010000000000000000000000000011000000000000000000000000001000000000000000000000000001100000000000000000000000000100000000000000000000000000010000000000000000000000000011111111111000000000000000001000000000110000000000000000100000000001000000000000000010000000000100000000000000001000000000010000000000000000100000000001000000000000000010000000000100000000000000001000000000110000000000000000100000000010000000000000000011000000110000000000000000000110000110000000000000000000001111110000000000000000000000000000000000000000000000000000000000000000000000000000000000000000000000000000000000000000000000000000
6
0000000000000000000000000000000000000000000000000000000000000000000000001100000000000000000000000001100000000000000000000000011100000000000000000000000011000000000000000000000000011000000000000000000000000001000000000000000000000000001100000000000000000000000001100000000000000000000000000100000000000000000000000000110000000000000000000000000011111111000000000000000000011000000011000000000000000001000000000100000000000000000100000000011000000000000000010000000000100000000000000001000000000010000000000000000100000000001000000000000000010000000001100000000000000001000000000100000000000000000010000000110000000000000000001100000110000000000000000000011111110000000000000000000000001100000000000000000000000000000000000000000000000000000000000000000000000000000000000000000000000000
6
0000000000000000000000000000000000000000001000000000000000000000000011100000000000000000000000011000000000000000000000000001000000000000000000000000001000000000000000000000000001100000000000000000000000000100000000000000000000000000110000000000000000000000000010000000000000000000000000001000000000000000000000000001100000000000000000000000000100111111110000000000000000011110000001000000000000000001100000000110000000000000000100000000001000000000000000010000000000100000000000000001000000000010000000000000000100000000011000000000000000010000000001000000000000000001000000001100000000000000000110000000100000000000000000001000000100000000000000000000110001110000000000000000000001111100000000000000000000000000000000000000000000000000000000000000000000000000000000000000000000000000
6
0000000000000000000000000000000000000000000000000000000000000000000001100000000000000000000000001100000000000000000000000001100000000000000000000000001100000000000000000000000000100000000000000000000000000100000000000000000000000000110000000000000000000000000010000000000000000000000000011000000000000000000000000001000000000000000000000000001111111111110000000000000000100000000001100000000000000010000000000010000000000000001000000000001000000000000000100000000000100000000000000010000000000110000000000000001000000000110000000000000000100000000110000000000000000011000001110000000000000000000111111100000000000000000000000000000000000000000000000000000000000000000000000000000000000000000000000000000000000000000000000000000000000000000000000000000000000000000000000000000000000000
6
0000000000000000000000000000000000000000000000000000000000000000000000011000000000000000000000000011000000000000000000000000011000000000000000000000000011000000000000000000000000011000000000000000000000000001000000000000000000000000001100000000000000000000000001100000000000000000000000000100000000000000000000000000010000000000000000000000000011000000000000000000000000001011111111100000000000000000111000000011000000000000000010000000001100000000000000011000000000010000000000000001000000000001000000000000000100000000000100000000000000010000000000110000000000000001000000000010000000000000000100000000011000000000000000001000000011000000000000000000110000011000000000000000000001110111000000000000000000000001110000000000000000000000000000000000000000000000000000000000000000000000
6
0000000000000000000000000000000000000000000000000000000000000000000000100000000000000000000000000110000000000000000000000000110000000000000000000000000110000000000000000000000000010000000000000000000000000011000000000000000000000000001000000000000000000000000001100000000000000000000000000100000000000000000000000000110000000000000000000000000010001111000000000000000000011011100111000000000000000001011000000110000000000000000100000000001000000000000000010000000000100000000000000001000000000010000000000000000100000000001000000000000000011000000001100000000000000000100000000100000000000000000011000000110000000000000000000110000110000000000000000000001111110000000000000000000000000000000000000000000000000000000000000000000000000000000000000000000000000000000000000000000000000000
6
0000000000000000000000000000000000000000000000000000000000000000000000010000000000000000000000000011000000000000000000000000110000000000000000000000000010000000000000000000000000011000000000000000000000000011000000000000000000000000011000000000000000000000000001000000000000000000000000001100000000000000000000000000100000000000000000000000000111111110000000000000000000010000001100000000000000000001000000001000000000000000000100000000100000000000000000110000000001000000000000000011000000001100000000000000001100000000100000000000000000110000000010000000000000000011000000011000000000000000000100000001000000000000000000010000001000000000000000000001110011100000000000000000000001111000000000000000000000000000000000000000000000000000000000000000000000000000000000000000000000000000
6
0000000000000000000000000000000000000000000000000000000000000000000000011000000000000000000000000011000000000000000000000000011000000000000000000000000010000000000000000000000000011000000000000000000000000011000000000000000000000000001000000000000000000000000001100000000000000000000000000100000000000000000000000000110000000000000000000000000011111110000000000000000000001000001110000000000000000000100000001000000000000000000010000000110000000000000000001000000001000000000000000000100000000100000000000000000010000000100000000000000000001000000010000000000000000000100000011000000000000000000010000011000000000000000000001100111000000000000000000000011110000000000000000000000000000000000000000000000000000000000000000000000000000000000000000000000000000000000000000000000000000000
6
0000000000000000000000000000000000000000000000000000000000000000000000000000000000000000000000000011000000000000000000000000011000000000000000000000000011000000000000000000000000011000000000000000000000000011000000000000000000000000011000000000000000000000000001000000000000000000000000001100000000000000000000000000100000000000000000000000000111111000000000000000000000011000111000000000000000000011000000011000000000000000001000000000100000000000000000100000000010000000000000000010000000001000000000000000001000000000100000000000000000100000000010000000000000000010000000011000000000000000001000000001000000000000000000110000001100000000000000000001100001100000000000000000000011111100000000000000000000000000000000000000000000000000000000000000000000000000000000000000000000000000
6
0000000000000000000000000000000000000000000000000000000000000000000000011000000000000000000000000011000000000000000000000000011000000000000000000000000011000000000000000000000000011000000000000000000000000011000000000000000000000000001000000000000000000000000000100000000000000000000000000110000000000000000000000000011111100000000000000000000001100011110000000000000000001100000001100000000000000000100000000011000000000000000010000000000100000000000000001000000000010000000000000000100000000001100000000000000010000000000010000000000000001000000000011000000000000000110000000001000000000000000001000000000100000000000000000110000000110000000000000000001100001110000000000000000000011111100000000000000000000000000000000000000000000000000000000000000000000000000000000000000000000000
6
0000000000000000000000000000000000000000000110000000000000000000000000110000000000000000000000000110000000000000000000000000010000000000000000000000000010000000000000000000000000011000000000000000000000000001000000000000000000000000000100000000000000000000000000111111100000000000000000000011000011100000000000000000001000000011000000000000000000100000000100000000000000000010000000011000000000000000001000000000100000000000000000100000000110000000000000000010000000010000000000000000001000000001000000000000000000100000001100000000000000000010000001100000000000000000001100001100000000000000000000011111100000000000000000000000011000000000000000000000000000000000000000000000000000000000000000000000000000000000000000000000000000000000000000000000000000000000000000000000000000000000
6
0000000000000000000000000000000000000000000000000000000000000000000000110000000000000000000000000111000000000000000000000000010000000000000000000000000011000000000000000000000000011000000000000000000000000011000000000000000000000000011000000000000000000000000001000000000000000000000000001100111000000000000000000000100111111000000000000000000110000000110000000000000000010000000001000000000000000001000000000110000000000000000100000000001000000000000000010000000000100000000000000001000000000010000000000000000100000000011000000000000000011000000011000000000000000000100000001100000000000000000011000011000000000000000000000111111000000000000000000000000000000000000000000000000000000000000000000000000000000000000000000000000000000000000000000000000000000000000000000000000000000000
6
0000000000000000000000000000000000000000000011000000000000000000000000111000000000000000000000000110000000000000000000000000110000000000000000000000000110000000000000000000000000110000000000000000000000000110000000000000000000000000010111000000000000000000000011000110000000000000000000011000001100000000000000000001000000011000000000000000000100000000100000000000000000010000000010000000000000000011000000001000000000000000001000000000100000000000000000100000000010000000000000000011000000001000000000000000000100000000100000000000000000010000000110000000000000000001100000010000000000000000000011000011000000000000000000000111111000000000000000000000000000000000000000000000000000000000000000000000000000000000000000000000000000000000000000000000000000000000000000000000000000000000
6
0000000000000000000000000000000000000000000000000000000000000000000000001000000000000000000000000011100000000000000000000000011000000000000000000000000011000000000000000000000000011000000000000000000000000011000000000000000000000000011000000000000000000000000001000000000000000000000000001111111000000000000000000000100000110000000000000000000010000000100000000000000000011000000011000000000000000001000000000100000000000000000100000000010000000000000000010000000001000000000000000001000000000100000000000000000100000000110000000000000000010000000010000000000000000001000000011000000000000000000110000011000000000000000000001111111000000000000000000000010000000000000000000000000000000000000000000000000000000000000000000000000000000000000000000000000000000000000000000000000000000000
6
0000000000000000000000000000000000000000000000000000000000000000000000011000000000000000000000000011000000000000000000000000011000000000000000000000000001000000000000000000000000001100000000000000000000000001100000000000000000000000000100000000000000000000000000110000000000000000000000000010000000000000000000000000011000000000000000000000000001011111000000000000000000001100000110000000000000000000100000001100000000000000000010000000010000000000000000001000000001000000000000000000100000000100000000000000000110000000110000000000000000001000000010000000000000000000100000011000000000000000000011000011000000000000000000000111111000000000000000000000000000000000000000000000000000000000000000000000000000000000000000000000000000000000000000000000000000000000000000000000000000000000
6
0000000000000000000000000000000000000000000010000000000000000000000000111000000000000000000000000110000000000000000000000000110000000000000000000000000110000000000000000000000000110000000000000000000000000010000000000000000000000000011000000000000000000000000001000000000000000000000000001000000000000000000000000000111111100000000000000000000110000011000000000000000000010000000110000000000000000001000000001000000000000000000100000000100000000000000000010000000010000000000000000001000000001000000000000000000100000000100000000000000000010000000010000000000000000001100000011000000000000000000010000011000000000000000000001100011000000000000000000000011111000000000000000000000000100000000000000000000000000000000000000000000000000000000000000000000000000000000000000000000000000000
6
0000000000000000000000000000000000000000000001000000000000000000000000011100000000000000000000000011000000000000000000000000011000000000000000000000000011000000000000000000000000011000000000000000000000000001000000000000000000000000001100000000000000000000000000100000000000000000000000000110000000000000000000000000011111110000000000000000000001000001100000000000000000001100000011000000000000000000100000000110000000000000000010000000001000000000000000001000000000100000000000000000100000000010000000000000000010000000001000000000000000001000000000100000000000000000110000000010000000000000000001000000011000000000000000000110000011000000000000000000001000011000000000000000000000111111000000000000000000000000110000000000000000000000000000000000000000000000000000000000000000000000
6
0000000000000000000000000000000000000000000000000000000000000000000000011000000000000000000000000011000000000000000000000000011000000000000000000000000011000000000000000000000000001000000000000000000000000001100000000000000000000000001100000000000000000000000001100000000000000000000000000111111000000000000000000000110000111000000000000000000010000000110000000000000000001000000001100000000000000000100000000010000000000000000010000000001000000000000000001000000000100000000000000000100000000010000000000000000010000000001000000000000000001100000001100000000000000000010000000100000000000000000001100001110000000000000000000011111100000000000000000000000011000000000000000000000000000000000000000000000000000000000000000000000000000000000000000000000000000000000000000000000000000000
6
0000000000000000000000000000000000000000000000000000000000000000000000001100000000000000000000000011100000000000000000000000011000000000000000000000000011000000000000000000000000001000000000000000000000000001000000000000000000000000001100000000000000000000000001100000000000000000000000000111000000000000000000000000110111100000000000000000000010000011000000000000000000011000000110000000000000000001000000001100000000000000000100000000010000000000000000010000000001000000000000000001000000000100000000000000000100000000010000000000000000010000000011000000000000000001100000011000000000000000000010000011000000000000000000001110111000000000000000000000011110000000000000000000000000000000000000000000000000000000000000000000000000000000000000000000000000000000000000000000000000000000
6
0000000000000000000000000000000000000000000000000000000000000000000000000000000000000000000000000001100000000000000000000000001100000000000000000000000001100000000000000000000000001100000000000000000000000000100000000000000000000000000100000000000000000000000000110000000000000000000000000010000000000000000000000000011111100000000000000000000011000001100000000000000000001000000011000000000000000000100000000100000000000000000110000000010000000000000000010000000001000000000000000001000000000100000000000000000100000000010000000000000000010000000011000000000000000001000000001000000000000000000110000001100000000000000000001100001100000000000000000000011101100000000000000000000000011100000000000000000000000000000000000000000000000000000000000000000000000000000000000000000000000000
6
0000000000000000000000000000000000000000000001100000000000000000000000001100000000000000000000000001100000000000000000000000001100000000000000000000000001100000000000000000000000001100000000000000000000000000100000000000000000000000000110000000000000000000000000011000000000000000000000000111111110000000000000000000001000001100000000000000000000100000011000000000000000000010000000100000000000000000011000000011000000000000000001000000000100000000000000000100000000010000000000000000010000000001000000000000000001100000001100000000000000000010000000100000000000000000001000000110000000000000000000110000110000000000000000000001100110000000000000000000000011110000000000000000000000000000000000000000000000000000000000000000000000000000000000000000000000000000000000000000000000000000
6
0000000000000000000000000000000000000000000000000000000000000000000000010000000000000000000000000011000000000000000000000000010000000000000000000000000110000000000000000000000000010000000000000000000000000011000000000000000000000000011000000000000000000000000001000000000000000000000000001000000000000000000000000001111111000000000000000000000110000111000000000000000000010000000110000000000000000001000000001100000000000000001100000000010000000000000000100000000001000000000000000010000000000100000000000000001000000000010000000000000000100000000001000000000000000011000000001100000000000000000100000000100000000000000000010000000110000000000000000001110001110000000000000000000001111100000000000000000000000000000000000000000000000000000000000000000000000000000000000000000000000000
6
0000000000000000000000000000000000000000000000000000000000000000000000001100000000000000000000000011100000000000000000000000011000000000000000000000000011000000000000000000000000001000000000000000000000000001100000000000000000000000001100000000000000000000000000100000000000000000000000000110000000000000000000000000010111000000000000000000000011010111000000000000000000001000000110000000000000000000100000001000000000000000000010000000010000000000000000011000000001000000000000000001100000000100000000000000000110000000010000000000000000001000000001000000000000000000100000001000000000000000000010000000100000000000000000001100000110000000000000000000110000110000000000000000000001111110000000000000000000000000000000000000000000000000000000000000000000000000000000000000000000000000
6
0000000000000000000000000000000000000000000000000000000000000000000000011000000000000000000000000011000000000000000000000000011000000000000000000000000011000000000000000000000000001000000000000000000000000001000000000000000000000000001100000000000000000000000000100000000000000000000000000110000000000000000000000000011111111000000000000000000011000000110000000000000000001000000001100000000000000000100000000010000000000000000010000000001000000000000000011000000000100000000000000001000000000110000000000000000100000000010000000000000000010000000001000000000000000001000000000100000000000000000100000000100000000000000000010000000110000000000000000001100001110000000000000000000011111100000000000000000000000000000000000000000000000000000000000000000000000000000000000000000000000000
6
0000000000000000000000000000000000000000000000000000000000000000000000010000000000000000000000000011000000000000000000000000011000000000000000000000000011000000000000000000000000011000000000000000000000000001000000000000000000000000001100000000000000000000000001100000000000000000000000000110000000000000000000000000111111100000000000000000000010000011100000000000000000001000000010000000000000000001100000001100000000000000000100000000010000000000000000010000000001000000000000000001000000000100000000000000000100000000110000000000000000010000000010000000000000000001000000011000000000000000000110000111000000000000000000001111110000000000000000000000000000000000000000000000000000000000000000000000000000000000000000000000000000000000000000000000000000000000000000000000000000000000
6
0000000000000000000000000000000000000000000000000000000000000000000000001100000000000000000000000011100000000000000000000000011000000000000000000000000001000000000000000000000000001100000000000000000000000001100000000000000000000000000100000000000000000000000000110000000000000000000000000010000000000000000000000000011000000000000000000000000001111100000000000000000000001100011110000000000000000000100000001100000000000000000010000000010000000000000000001000000001000000000000000001100000000100000000000000000100000000010000000000000000010000000001000000000000000001000000000100000000000000000100000000110000000000000000011000000110000000000000000000110000110000000000000000000001111110000000000000000000000000000000000000000000000000000000000000000000000000000000000000000000000000
6
0000000000000000000000000000000000000000000000000000000000000000000000011000000000000000000000000011000000000000000000000000111000000000000000000000000110000000000000000000000000010000000000000000000000000010000000000000000000000000011000000000000000000000000011000000000000000000000000001000000000000000000000000001100000000000000000000000000111111110000000000000000000110000000110000000000000000010000000001100000000000000001000000000010000000000000000100000000001000000000000000010000000000100000000000000001000000000010000000000000000100000000011000000000000000011000000001000000000000000000100000001100000000000000000011100001100000000000000000000011111000000000000000000000000000000000000000000000000000000000000000000000000000000000000000000000000000000000000000000000000000000
6
0000000000000000000000000000000000000000000000000000000000000000000000011000000000000000000000000011000000000000000000000000011000000000000000000000000011000000000000000000000000011000000000000000000000000011000000000000000000000000001000000000000000000000000001100000000000000000000000001111000000000000000000000000110111111000000000000000000010000000110000000000000000001000000000100000000000000000100000000010000000000000000110000000001000000000000000010000000000100000000000000001000000000010000000000000000100000000011000000000000000011000000001000000000000000001100000001000000000000000000011000001100000000000000000000110011100000000000000000000001110000000000000000000000000000000000000000000000000000000000000000000000000000000000000000000000000000000000000000000000000000000
6
0000000000000000000000000000000000000000000000000000000000000000000000001100000000000000000000000011100000000000000000000000011000000000000000000000000011000000000000000000000000011000000000000000000000000011000000000000000000000000011000000000000000000000000011000000000000000000000000001000000000000000000000000001100000000000000000000000000111111111000000000000000000110000000110000000000000000010000000001100000000000000001000000000010000000000000000100000000001000000000000000010000000000100000000000000001000000000010000000000000000100000000001000000000000000010000000000100000000000000001000000000110000000000000000110000000010000000000000000001110000011000000000000000000001111111000000000000000000000000000000000000000000000000000000000000000000000000000000000000000000000000
6
0000000000000000000000000000000000000000000000000000000000000000000000011000000000000000000000000111000000000000000000000000110000000000000000000000001110000000000000000000000001100000000000000000000000001100000000000000000000000001100000000000000000000000000100000000000000000000000000111111110000000000000000000010000001110000000000000000001000000001100000000000000001100000000010000000000000000100000000001000000000000000010000000000100000000000000001000000000010000000000000000100000000011000000000000000010000000001000000000000000001000000001100000000000000000100000001100000000000000000011000001110000000000000000000111001100000000000000000000000111100000000000000000000000000000000000000000000000000000000000000000000000000000000000000000000000000000000000000000000000000000000
6
0000000000000000000000000000000000000000000000000000000000000000000000001000000000000000000000000011100000000000000000000000011000000000000000000000000011000000000000000000000000011000000000000000000000000011000000000000000000000000001000000000000000000000000001100000000000000000000000000100000000000000000000000000010000000000000000000000000011011111110000000000000000001111000001100000000000000000100000000010000000000000000110000000001000000000000000010000000000100000000000000001000000000110000000000000000100000000010000000000000000010000000011000000000000000001000000001000000000000000000100000001100000000000000000011000001100000000000000000000110011100000000000000000000001111000000000000000000000000000000000000000000000000000000000000000000000000000000000000000000000000000
6
0000000000000000000000000000000000000000000000000000000000000000000000000000000000000000000000000111000000000000000000000000110000000000000000000000000110000000000000000000000000110000000000000000000000000010000000000000000000000000010000000000000000000000000011000000000000000000000000001000000000000000000000000001100000000000000000000000000100000000000000000000000000011111111110000000000000000011100000001100000000000000011000000000010000000000000000100000000001000000000000000010000000000100000000000000001000000000010000000000000000100000000011000000000000000010000000001000000000000000001100000001100000000000000000010000001100000000000000000001100011100000000000000000000011111000000000000000000000000000000000000000000000000000000000000000000000000000000000000000000000000000
6
0000000000000000000000000000000000000000000000000000000000000000000000011000000000000000000000000011000000000000000000000000011000000000000000000000000011000000000000000000000000011000000000000000000000000011000000000000000000000000011000000000000000000000000001000000000000000000000000001100000000000000000000000000100000000000000000000000000010111111110000000000000000011110000001000000000000000001000000000110000000000000000100000000001000000000000000010000000001100000000000000001000000000100000000000000000100000000010000000000000000010000000011000000000000000001000000001000000000000000000100000011000000000000000000011000011000000000000000000000100011000000000000000000000011111000000000000000000000000000000000000000000000000000000000000000000000000000000000000000000000000000
6
0000000000000000000000000000000000000000000000000000000000000000000000011000000000000000000000000011000000000000000000000000011000000000000000000000000011000000000000000000000000011000000000000000000000000011000000000000000000000000011000000000000000000000000001000000000000000000000000001100000000000000000000000001100000000000000000000000000100001111100000000000000000111111000011000000000000000011000000000110000000000000001000000000001000000000000000100000000000100000000000000010000000000011000000000000001000000000001000000000000000100000000000100000000000000010000000000110000000000000001000000000010000000000000000100000000011000000000000000011000000011000000000000000000100000110000000000000000000011101110000000000000000000000011100000000000000000000000000000000000000000000
6
0000000000000000000000000000000000000000000000000000000000000000000000001000000000000000000000000011100000000000000000000000011000000000000000000000000011000000000000000000000000011000000000000000000000000011000000000000000000000000001000000000000000000000000001100000000000000000000000000101111111100000000000000000011100000010000000000000000011000000000100000000000000000100000000010000000000000000010000000001000000000000000001000000000100000000000000000100000000010000000000000000010000000001000000000000000001000000001100000000000000000100000000100000000000000000011000000110000000000000000000100001110000000000000000000011011100000000000000000000000111000000000000000000000000000000000000000000000000000000000000000000000000000000000000000000000000000000000000000000000000000000
6
0000000000000000000000000000000000000000000000000000000000000000000000000000000000000000000000000001100000000000000000000000001100000000000000000000000001100000000000000000000000000100000000000000000000000000110000000000000000000000000110000000000000000000000000010000000000000000000000000001000000000000000000000000001000000000000000000000000000101111111000000000000000000111100000100000000000000000011000000011000000000000000001000000000100000000000000000100000000010000000000000000010000000001000000000000000001000000001100000000000000000100000000100000000000000000010000000110000000000000000001100000110000000000000000000011000110000000000000000000000111110000000000000000000000000000000000000000000000000000000000000000000000000000000000000000000000000000000000000000000000000000
6
0000000000000000000000000000000000000000000000000000000000000000000000000000000000000000000000000011100000000000000000000000011000000000000000000000000011000000000000000000000000001000000000000000000000000001000000000000000000000000001100000000000000000000000000100000000000000000000000000110000000000000000000000000010000000000000000000000000011000010000000000000000000001011111111000000000000000000110000000010000000000000000110000000001000000000000000010000000000110000000000000001000000000011000000000000000100000000001000000000000000011000000000100000000000000000100000000110000000000000000011000000110000000000000000000110000110000000000000000000001111110000000000000000000000000000000000000000000000000000000000000000000000000000000000000000000000000000000000000000000000000000
6
0000000000000000000000000000000000000000000010000000000000000000000000011000000000000000000000000011000000000000000000000000011000000000000000000000000011000000000000000000000000011000000000000000000000000001100000000000000000000000001100000000000000000000000000100000000000000000000000000110000000000000000000000000010000000000000000000000000001111111111100000000000000001110000000011000000000000000100000000000100000000000000010000000000010000000000000001000000000011000000000000000100000000001000000000000000010000000000100000000000000001000000000110000000000000000100000000110000000000000000001000000010000000000000000000111000110000000000000000000000111110000000000000000000000000000000000000000000000000000000000000000000000000000000000000000000000000000000000000000000000000000
6
0000000000000000000000000000000000000000000000000000000000000000000000001000000000000000000000000001100000000000000000000000001100000000000000000000000001100000000000000000000000001100000000000000000000000001100000000000000000000000000100000000000000000000000000110000000000000000000000000010000000000000000000000000011000000000000000000000000001011111100000000000000000001111000011000000000000000000100000000110000000000000000010000000001000000000000000011000000000100000000000000001000000000010000000000000000100000000011000000000000000010000000001000000000000000001000000001100000000000000000110000000100000000000000000011000000110000000000000000000110001100000000000000000000001111000000000000000000000000000000000000000000000000000000000000000000000000000000000000000000000000000
6
0000000000000000000000000000000000000000000000000000000000000000000000011000000000000000000000000111000000000000000000000000110000000000000000000000000010000000000000000000000000010000000000000000000000000011000000000000000000000000001000000000000000000000000001100000000000000000000000000100000000000000000000000000010000000000000000000000000011111111110000000000000000001110000001100000000000000000100000000011000000000000000010000000000100000000000000001000000000010000000000000000110000000001000000000000000011000000001100000000000000000100000000100000000000000000011000000110000000000000000000100000110000000000000000000011111110000000000000000000000000000000000000000000000000000000000000000000000000000000000000000000000000000000000000000000000000000000000000000000000000000000
6
0000000000000000000000000000000000000000000000000000000000000000000000010000000000000000000000000011000000000000000000000000011000000000000000000000000011000000000000000000000000011000000000000000000000000001000000000000000000000000001000000000000000000000000001100000000000000000000000000100000000000000000000000000110000000000000000000000000011111111110000000000000000001000000001100000000000000000100000000010000000000000000010000000001000000000000000001000000000100000000000000001100000000010000000000000000100000000011000000000000000011000000001000000000000000000100000001100000000000000000010000001100000000000000000001110011100000000000000000000001111000000000000000000000000000000000000000000000000000000000000000000000000000000000000000000000000000000000000000000000000000000
6
0000000000000000000000000000000000000000000000000000000000000000000000011000000000000000000000000011000000000000000000000000011000000000000000000000000011000000000000000000000000001000000000000000000000000001100000000000000000000000000100000000000000000000000000110000000000000000000000000010000000000000000000000000011000100000000000000000000001111111100000000000000000001100000011000000000000000000100000000100000000000000000010000000010000000000000000001000000001000000000000000001100000000100000000000000000100000000010000000000000000010000000001000000000000000001000000000100000000000000000110000000110000000000000000001000000110000000000000000000110001110000000000000000000001111100000000000000000000000000000000000000000000000000000000000000000000000000000000000000000000000000
6
0000000000000000000000000000000000000000000000000000000000000000000000001000000000000000000000000011100000000000000000000000011000000000000000000000000011000000000000000000000000010000000000000000000000000010000000000000000000000000011000000000000000000000000001000000000000000000000000001000000000000000000000000001100000000000000000000000000100111111100000000000000000011110000011000000000000000011000000000100000000000000001000000000010000000000000000100000000001000000000000000010000000000100000000000000001000000000010000000000000000100000000001000000000000000011000000000100000000000000000100000000010000000000000000011000000011000000000000000000110000001000000000000000000001111111100000000000000000000000000000000000000000000000000000000000000000000000000000000000000000000000
6
0000000000000000000000000000000000000000000000000000000000000000000000011000000000000000000000000011100000000000000000000000011000000000000000000000000011000000000000000000000000010000000000000000000000000011000000000000000000000000011000000000000000000000000001000000000000000000000000001100000000000000000000000000100000011100000000000000000010011111011000000000000000011110000000110000000000000001000000000001000000000000000100000000000100000000000000010000000000010000000000000001000000000011000000000000000100000000001000000000000000010000000001100000000000000001000000000110000000000000000110000000110000000000000000001100000110000000000000000000011001110000000000000000000000111100000000000000000000000000000000000000000000000000000000000000000000000000000000000000000000000000
6
0000000000000000000000000000000000000000000000000000000000000000000000110000000000000000000000000110000000000000000000000001100000000000000000000000000100000000000000000000000000100000000000000000000000000110000000000000000000000000010000000000000000000000000010000000000000000000000000011000000000000000000000000001000000000000000000000000000111111111100000000000000000111000000001000000000000000010000000000110000000000000001000000000001000000000000001100000000000100000000000000100000000000010000000000000010000000000001000000000000001000000000001100000000000000100000000000100000000000000010000000000010000000000000001100000000011000000000000000010000000001000000000000000001100000011100000000000000000011000011000000000000000000000111111000000000000000000000000000000000000000000
6
0000000000000000000000000000000000000000000000000000000000000000000000011000000000000000000000000011000000000000000000000000011000000000000000000000000011000000000000000000000000011000000000000000000000000011000000000000000000000000001000000000000000000000000001100000000000000000000000000100000000000000000000000000110000000000000000000000000111111111111000000000000000011000000000100000000000000001000000000010000000000000000100000000001000000000000000010000000000100000000000000001000000000010000000000000001100000000001000000000000000100000000001000000000000000010000000001100000000000000000100000001100000000000000000010000000100000000000000000001000001100000000000000000000110011100000000000000000000001111000000000000000000000000000000000000000000000000000000000000000000000000
6
0000000000000000000000000000000000000000000000000000000000000000000000010000000000000000000000000111000000000000000000000000110000000000000000000000000010000000000000000000000000010000000000000000000000000010000000000000000000000000011000000000000000000000000011000000000000000000000000001000000000000000000000000001100000000000000000000000000101111111100000000000000000011100000011100000000000000011000000000010000000000000001000000000001000000000000000100000000000100000000000000010000000000010000000000000001000000000001000000000000000100000000001100000000000000010000000001100000000000000001100000001100000000000000000011000001100000000000000000000110011100000000000000000000001111000000000000000000000000000000000000000000000000000000000000000000000000000000000000000000000000000
6
0000000000000000000000000000000000000000000000000000000000000000000000011000000000000000000000000011100000000000000000000000011000000000000000000000000011000000000000000000000000011000000000000000000000000011000000000000000000000000011000000000000000000000000001000000000000000000000000001100000000000000000000000000100011111000000000000000000111110000111000000000000000011000000000110000000000000001000000000001000000000000000100000000000100000000000000010000000000010000000000000001000000000011000000000000000100000000001000000000000000010000000001100000000000000001000000001100000000000000000110000001100000000000000000001100011100000000000000000000011111000000000000000000000000000000000000000000000000000000000000000000000000000000000000000000000000000000000000000000000000000000
6
0000000000000000000000000000000000000000000000000000000000000000000000000000000000000000000000000011000000000000000000000000111000000000000000000000000110000000000000000000000000110000000000000000000000000010000000000000000000000000011000000000000000000000000011000000000000000000000000001000000000000000000000000001100011100000000000000000000101111011100000000000000001111100000010000000000000001101000000001100000000000000001100000000010000000000000000100000000001000000000000000010000000000100000000000000001000000000010000000000000000110000000011000000000000000001000000011000000000000000000100000011000000000000000000011000111000000000000000000000111110000000000000000000000000000000000000000000000000000000000000000000000000000000000000000000000000000000000000000000000000000000
6
0000000000000000000000000000000000000000000000000000000000000000000000001000000000000000000000000011100000000000000000000000011100000000000000000000000011000000000000000000000000001000000000000000000000000001100000000000000000000000001100000000000000000000000000100000000000000000000000000110000000000000000000000000010000000000000000000000000011111111110000000000000000001100000001100000000000000000100000000010000000000000000010000000001000000000000000011000000000100000000000000001000000000010000000000000000100000000011000000000000000011000000001000000000000000000100000001000000000000000000011000011000000000000000000000110011000000000000000000000001111000000000000000000000000000000000000000000000000000000000000000000000000000000000000000000000000000000000000000000000000000000
6
0000000000000000000000000000000000000000000000000000000000000000000000000000000000000000000000000001110000000000000000000000001100000000000000000000000001100000000000000000000000001100000000000000000000000000100000000000000000000000000110000000000000000000000000110000000000000000000000000010000000000000000000000000011111111110000000000000000011000000001100000000000000001100000000010000000000000000100000000001000000000000000010000000000100000000000000001000000000010000000000000000100000000011000000000000000010000000011000000000000000001000000011000000000000000000100000011000000000000000000011000111000000000000000000000111110000000000000000000000001000000000000000000000000000000000000000000000000000000000000000000000000000000000000000000000000000000000000000000000000000000000
6
0000000000000000000000000000000000000000000000000000000000000000000001110000000000000000000000001110000000000000000000000011100000000000000000000000001000000000000000000000000001000000000000000000000000001100000000000000000000000000100000000000000000000000000110000000000000000000000000010000000000000000000000000001000111111000000000000000001111110000110000000000000000110000000001100000000000000001000000000010000000000000000100000000001000000000000000010000000000100000000000000001000000000010000000000000000100000000001000000000000000011000000001100000000000000000110000001100000000000000000001100001100000000000000000000011111100000000000000000000000000000000000000000000000000000000000000000000000000000000000000000000000000000000000000000000000000000000000000000000000000000000
6
0000000000000000000000000000000000000000000000000000000000000000000000010000000000000000000000000011000000000000000000000000011000000000000000000000000011000000000000000000000000011000000000000000000000000011000000000000000000000000001000000000000000000000000001100000000000000000000000000100000000000000000000000000111111111100000000000000000011100000011000000000000000001000000000100000000000000001000000000011000000000000000100000000001100000000000000010000000000100000000000000001000000000010000000000000000100000000011000000000000000010000000001000000000000000001100000011100000000000000000010000011100000000000000000000110111000000000000000000000001110000000000000000000000000000000000000000000000000000000000000000000000000000000000000000000000000000000000000000000000000000000