9
0000000000000000000000000000000000000000000000000000000000000000001111100000000000000000000001100011000000000000000000000100000110000000000000000000110000001011000000000000000010000001101100000000000000011000000000110000000000000001000000000110000000000000000100000000011000000000000000010000000001100000000000000001100000001100000000000000000011000011110000000000000000000111111010000000000000000000000000001000000000000000000000000000100000000000000000000000000010000000000000000000000000001000000000000000000000000001100000000000000000000000000100000000000000000000000000010000000000000000000000000001000000000000000000000000000100000000000000000000000000000000000000000000000000000000000000000000000000000000000000000000000000000000000000000000000000000000000000000000000000000000
9
0000000000000000000000000000000000000000000000000000000000000000011110000000000000000000000011001111001000000000000000010000000110100000000000000011000000000010000000000000011000000000011000000000000001000000000001000000000000000100000000001100000000000000100000000000110000000000000010000000000111000000000000001000000000111000000000000000100000000010100000000000000011000000110010000000000000000111001110011000000000000000000111100001000000000000000000000000000100000000000000000000000000010000000000000000000000000001000000000000000000000000000100000000000000000000000000110000000000000000000000000010000000000000000000000000000000000000000000000000000000000000000000000000000000000000000000000000000000000000000000000000000000000000000000000000000000000000000000000000000000000000
9
0000000000000000000000000000000000000000000000000000000000000000001111110000000000000000000011000001000000000000000000011000000010000000000000000011000000001000000000000000011000000001100000000000000001000000000100000000000000000100000000110000000000000000010000000111000000000000000001000000110100000000000000000110000110110000000000000000001111110010000000000000000000000000001000000000000000000000000000100000000000000000000000000010000000000000000000000000001000000000000000000000000000100000000000000000000000000010000000000000000000000000011000000000000000000000000001000000000000000000000000000100000000000000000000000000010000000000000000000000000001000000000000000000000000000000000000000000000000000000000000000000000000000000000000000000000000000000000000000000000000000000
9
0000000000000000000000000000000000000011000000000000000000000000011111000000000000000000000011000110000000000000000000011000001100000000000000000001000000011000000000000000000100000000111000000000000000010000000011100000000000000001000000000100000000000000000100000000110000000000000000010000000011000000000000000001000000011000000000000000000110000011100000000000000000001100111010000000000000000000011110011000000000000000000000000001000000000000000000000000000100000000000000000000000000010000000000000000000000000001000000000000000000000000000100000000000000000000000000010000000000000000000000000001000000000000000000000000000100000000000000000000000000010000000000000000000000000001000000000000000000000000000000000000000000000000000000000000000000000000000000000000000000000000
9
0000000000000000000000000000000000000000000000000000000000000000000000000000000000000000000000011000000000000000000000000011111000000000000000000000011000111010000000000000000011000000101000000000000000001000000001100000000000000001100000000110000000000000000100000000011000000000000000010000000011000000000000000001000000001100000000000000000100000001100000000000000000011000001110000000000000000000110001111000000000000000000001111001000000000000000000000000000100000000000000000000000000110000000000000000000000000010000000000000000000000000001000000000000000000000000000100000000000000000000000000100000000000000000000000000010000000000000000000000000001000000000000000000000000000000000000000000000000000000000000000000000000000000000000000000000000000000000000000000000000000000
9
0000000000000000000000000000000000000000000000000000000000000000000010000000000000000000000011111111000000000000000000001000000111000000000000000001100000011100000000000000000100000000010000000000000000110000000011000000000000000010000000001000000000000000001000000001100000000000000000100000001110000000000000000011000011101000000000000000000110111001100000000000000000001110000100000000000000000000000000010000000000000000000000000001000000000000000000000000000100000000000000000000000000010000000000000000000000000001000000000000000000000000001100000000000000000000000000100000000000000000000000000010000000000000000000000000001000000000000000000000000000100000000000000000000000000010000000000000000000000000000000000000000000000000000000000000000000000000000000000000000000000000
9
0000000000000000000000000000000000000000000000000000000000000000000111000000000000000000000001110110000000000000000000001100001100000000000000000000100000011100000000000000000110000000110000000000000000010000000011000000000000000011000000001000000000000000001000000001100000000000000000100000001110000000000000000010000001101000000000000000001000001101100000000000000000110001100100000000000000000001111100010000000000000000000000000001000000000000000000000000000100000000000000000000000000110000000000000000000000000010000000000000000000000000001000000000000000000000000000100000000000000000000000000010000000000000000000000000001000000000000000000000000001100000000000000000000000000100000000000000000000000000010000000000000000000000000001000000000000000000000000000000000000000000
9
0000000000000000000000000000000000000000000000000000000000000000000011000000000000000000000000111110000000000000000000000110001101000000000000000000110000011100000000000000000010000001100000000000000000011000000010000000000000000001000000011000000000000000000100000001100000000000000000010000001110000000000000000001000001111000000000000000000110001101000000000000000000001101100100000000000000000000011100010000000000000000000000000001000000000000000000000000000100000000000000000000000000110000000000000000000000000010000000000000000000000000001000000000000000000000000000100000000000000000000000000010000000000000000000000000001000000000000000000000000000100000000000000000000000000010000000000000000000000000000000000000000000000000000000000000000000000000000000000000000000000000
9
0000000000000000000000000000000000000000000000000000000000000000000000000000000000000000000000111100000000000000000000000110011000000000000000000000110000110000000000000000000010000001010000000000000000011000000101000000000000000001000000000100000000000000000100000000110000000000000000010000000110000000000000000001000000111000000000000000000100000111100000000000000000011001110100000000000000000000111100010000000000000000000000000001000000000000000000000000000100000000000000000000000000010000000000000000000000000010000000000000000000000000001000000000000000000000000000100000000000000000000000000010000000000000000000000000001000000000000000000000000000100000000000000000000000000010000000000000000000000000001000000000000000000000000000000000000000000000000000000000000000000000
9
0000000000000000000000000000000000000000000000000000000000000000000111100000000000000000000011110011000000000000000000001000000110000000000000000001100000001000000000000000000100000000110000000000000000110000000001000000000000000010000000000100000000000000001000000000110000000000000000100000000011000000000000000010000000011100000000000000001000000011100000000000000000110000111010000000000000000001111110001000000000000000000000000000100000000000000000000000000110000000000000000000000000010000000000000000000000000001000000000000000000000000000100000000000000000000000000010000000000000000000000000011000000000000000000000000001000000000000000000000000000100000000000000000000000000010000000000000000000000000001000000000000000000000000000000000000000000000000000000000000000000000
9
0000000000000000000000000000000000000000000000000000000000000000000111000000000000000000000001100011000000000000000000001100000100000000000000000001100000010000000000000000001100000001010000000000000000100000000011000000000000000110000000001000000000000000010000000001100000000000000001000000001110000000000000000100000011111000000000000000010000011001000000000000000001000111000100000000000000000111110000010000000000000000000000000001000000000000000000000000000100000000000000000000000000010000000000000000000000000011000000000000000000000000001000000000000000000000000000100000000000000000000000000010000000000000000000000000001000000000000000000000000000100000000000000000000000000010000000000000000000000000000000000000000000000000000000000000000000000000000000000000000000000000
9
0000000000000000000000000000000000000000000000000000000000000000000111000000000000000000000001110111000000000000000000001100000110000000000000000001100000001100000000000000001100000000110000000000000000100000000001000000000000000010000000001100000000000000001000000000100000000000000000110000000110000000000000000001100000111000000000000000000011111110100000000000000000000000000010000000000000000000000000011000000000000000000000000001000000000000000000000000000100000000000000000000000000010000000000000000000000000001000000000000000000000000000100000000000000000000000000110000000000000000000000000010000000000000000000000000001000000000000000000000000000100000000000000000000000000010000000000000000000000000001000000000000000000000000000000000000000000000000000000000000000000000
9
0000000000000000000000000000000000000000000000000000000000000000000011100000000000000000000000111111000000000000000000000110000100000000000000000000110000011000000000000000000110000000110000000000000000110000000011000000000000000010000000001100000000000000011000000001110000000000000001000000001110000000000000000100000001101000000000000000010000001100100000000000000001100001100110000000000000000011111000010000000000000000000000000001000000000000000000000000000100000000000000000000000000010000000000000000000000000011000000000000000000000000001000000000000000000000000000100000000000000000000000000010000000000000000000000000001000000000000000000000000000100000000000000000000000000010000000000000000000000000001000000000000000000000000000000000000000000000000000000000000000000000
9
0000000000000000000000000000000000000000000000000000000000000000000011100000000000000000000000111011000000000000000000001100000110000000000000000000100000001010000000000000000010000000111000000000000000011000000011100000000000000001100000000110000000000000000010000000110000000000000000001000000110000000000000000000110000111000000000000000000001111110100000000000000000000000000110000000000000000000000000010000000000000000000000000001000000000000000000000000000100000000000000000000000000010000000000000000000000000011000000000000000000000000001000000000000000000000000000100000000000000000000000000010000000000000000000000000001000000000000000000000000000100000000000000000000000000110000000000000000000000000011000000000000000000000000000000000000000000000000000000000000000000000
9
0000000000000000000000000000000000000000000000000000000000000000001111100000000000000000000001100011000000000000000000001100000100000000000000000001100000011000000000000000001100000000100000000000000000100000000010000000000000000010000000011000000000000000001000000001000000000000000001100000001100000000000000000100000001110000000000000000011000000101000000000000000000100000111000000000000000000010001100100000000000000000001111100010000000000000000000000000001000000000000000000000000000100000000000000000000000000100000000000000000000000000010000000000000000000000000001000000000000000000000000000100000000000000000000000000010000000000000000000000000001000000000000000000000000000100000000000000000000000000000000000000000000000000000000000000000000000000000000000000000000000000
9
0000000000000000000000000000000000000000000000000000000000000000000111100000000000000000000000110011000000000000000000000110000101000000000000000000010000001100000000000000000011000000110000000000000000001000000010000000000000000000100000011000000000000000000011000011100000000000000000000100011010000000000000000000011011011000000000000000000000111001000000000000000000000000000100000000000000000000000000010000000000000000000000000011000000000000000000000000001000000000000000000000000000100000000000000000000000000010000000000000000000000000001000000000000000000000000000100000000000000000000000000010000000000000000000000000011000000000000000000000000001100000000000000000000000000100000000000000000000000000010000000000000000000000000000000000000000000000000000000000000000000000
9
0000000000000000000000000000000000000000000000000000000000000000000001100000000000000000000000111111000000000000000000000111000100000000000000000000010000010000000000000000000011000001110000000000000000001000000011000000000000000000100000001000000000000000000010000001100000000000000000001000011100000000000000000000100011010000000000000000000011111001000000000000000000000110001100000000000000000000000000100000000000000000000000000010000000000000000000000000001000000000000000000000000000100000000000000000000000000110000000000000000000000000010000000000000000000000000001000000000000000000000000000100000000000000000000000000010000000000000000000000000001000000000000000000000000000100000000000000000000000000000000000000000000000000000000000000000000000000000000000000000000000000
9
0000000000000000000000000000000000000000000000000000000000000000001111100000000000000000000001100011000000000000000000001100000110000000000000000001100000001100000000000000000100000000110000000000000000010000000011000000000000000011000000011000000000000000001100000001100000000000000000010000001100000000000000000001000011110000000000000000000011111011000000000000000000000000001000000000000000000000000000100000000000000000000000000010000000000000000000000000011000000000000000000000000001000000000000000000000000000100000000000000000000000000010000000000000000000000000001000000000000000000000000000100000000000000000000000000010000000000000000000000000000000000000000000000000000000000000000000000000000000000000000000000000000000000000000000000000000000000000000000000000000000000
9
0000000000000000000000000000000000000000000000000000000000000000000000000000000000000000000000111110000000000000000000001110000110000000000000000001100000001000000000000000000100000000110000000000000000110000000011000000000000000010000000001100000000000000001000000000100000000000000000100000000110000000000000000011000001110000000000000000000111111111000000000000000000000110001000000000000000000000000000100000000000000000000000000010000000000000000000000000011000000000000000000000000001000000000000000000000000000100000000000000000000000000110000000000000000000000000010000000000000000000000000001000000000000000000000000000100000000000000000000000000010000000000000000000000000001000000000000000000000000000100000000000000000000000000000000000000000000000000000000000000000000000
9
0000000000000000000000000000000000000000000000000000000000000000000000000000000000000000000000001110000000000000000000000011101110000000000000000000011000001000000000000000000011000000010000000000000000011000000001000000000000000001000000001100000000000000000100000000110000000000000000010000000110000000000000000001000000111000000000000000000110000111000000000000000000001101110100000000000000000000011100010000000000000000000000000011000000000000000000000000001000000000000000000000000000100000000000000000000000000010000000000000000000000000001000000000000000000000000001100000000000000000000000000100000000000000000000000000010000000000000000000000000001000000000000000000000000000000000000000000000000000000000000000000000000000000000000000000000000000000000000000000000000000000
9
0000000000000000000000000000000000000000000000000000000000000000000111100000000000000000000001100011000000000000000000000100000110000000000000000000100000001000000000000000000110000000100000000000000000010000000010000000000000000011000000011000000000000000001000000011000000000000000000100000011100000000000000000011000011110000000000000000000111110010000000000000000000000100001000000000000000000000000000100000000000000000000000000010000000000000000000000000001000000000000000000000000000100000000000000000000000000110000000000000000000000000010000000000000000000000000001000000000000000000000000000110000000000000000000000000000000000000000000000000000000000000000000000000000000000000000000000000000000000000000000000000000000000000000000000000000000000000000000000000000000000000
9
0000000000000000000000000000000000000111100000000000000000000000110011100000000000000000000010000011000000000000000000011000000111000000000000000001000000001100000000000000001000000000100000000000000000100000000110000000000000000110000000111000000000000000010000000111000000000000000001100000110100000000000000000010000110010000000000000000001111100011000000000000000000000000001000000000000000000000000000100000000000000000000000000010000000000000000000000000001000000000000000000000000000100000000000000000000000000110000000000000000000000000010000000000000000000000000001000000000000000000000000000100000000000000000000000000010000000000000000000000000001000000000000000000000000000100000000000000000000000000000000000000000000000000000000000000000000000000000000000000000000000000
9
0000000000000000000000000000000000000000000000000000000000000000000000000000000000000000000000111100000000000000000000000110011000000000000000000000110000110000000000000000000110000001100000000000000000110000000110000000000000000010000000010000000000000000001000000011000000000000000001100000001100000000000000000100000001110000000000000000011000011010000000000000000000100011001000000000000000000011110000100000000000000000000000000010000000000000000000000000011000000000000000000000000001000000000000000000000000000100000000000000000000000000010000000000000000000000000001000000000000000000000000000100000000000000000000000000010000000000000000000000000001000000000000000000000000000100000000000000000000000000000000000000000000000000000000000000000000000000000000000000000000000000
9
0000000000000000000000000000000000000000000000000000000000000000000000000000000000000000000000111110000000000000000000000110001100000000000000000000110000011000000000000000000110000000111000000000000000010000000001100000000000000011000000000110000000000000001000000000110000000000000000100000000110000000000000000010000000111000000000000000001100001111000000000000000000011111100100000000000000000000000000010000000000000000000000000010000000000000000000000000001000000000000000000000000000100000000000000000000000000010000000000000000000000000001000000000000000000000000001100000000000000000000000000100000000000000000000000000010000000000000000000000000001000000000000000000000000000100000000000000000000000000000000000000000000000000000000000000000000000000000000000000000000000000
9
0000000000000000000000000000000000000000000000000000000000000000000111100000000000000000000001110011000000000000000000000100000110000000000000000000110000001010000000000000000010000000111000000000000000011000000011000000000000000001000000011100000000000000000100000011110000000000000000010000011010000000000000000001100111001000000000000000000011110000100000000000000000000000000100000000000000000000000000010000000000000000000000000001000000000000000000000000000100000000000000000000000000110000000000000000000000000010000000000000000000000000001000000000000000000000000000100000000000000000000000000010000000000000000000000000011000000000000000000000000001000000000000000000000000000100000000000000000000000000000000000000000000000000000000000000000000000000000000000000000000000000
9
0000000000000000000000000000000000000000000000000000000000000000001111100000000000000000000001100011000000000000000000001100000100000000000000000001100000011010000000000000000100000000111000000000000000010000000011000000000000000011000000011100000000000000000100000001100000000000000000010000011010000000000000000001100111001000000000000000000011111001000000000000000000000000000100000000000000000000000000010000000000000000000000000011000000000000000000000000001000000000000000000000000000100000000000000000000000000010000000000000000000000000011000000000000000000000000001000000000000000000000000000100000000000000000000000000010000000000000000000000000001000000000000000000000000000100000000000000000000000000010000000000000000000000000000000000000000000000000000000000000000000000
9
0000000000000000000000000000000000000000000000000000000000000000001111100000000000000000000001100011000000000000000000000100000101100000000000000000110000010110000000000000000010000001010000000000000000001000000111000000000000000001100000011000000000000000000100000011100000000000000000010000011010000000000000000001100011001000000000000000000011111001100000000000000000000000000100000000000000000000000000010000000000000000000000000001000000000000000000000000000100000000000000000000000000110000000000000000000000000010000000000000000000000000001000000000000000000000000000100000000000000000000000000010000000000000000000000000011000000000000000000000000001000000000000000000000000000100000000000000000000000000000000000000000000000000000000000000000000000000000000000000000000000000
9
0000000000000000000000000000000000000011100000000000000000000000011011100000000000000000000011000011000000000000000000011000000100000000000000000011000000011000000000000000011000000001100000000000000001000000000110000000000000000100000000010000000000000000010000000011000000000000000001000000011100000000000000000100000011110000000000000000011000011010000000000000000000110011001000000000000000000001111000100000000000000000000000000010000000000000000000000000011000000000000000000000000001000000000000000000000000000100000000000000000000000000010000000000000000000000000001000000000000000000000000000100000000000000000000000000110000000000000000000000000010000000000000000000000000001000000000000000000000000000000000000000000000000000000000000000000000000000000000000000000000000000
9
0000000000000000000000000000000000000000000000000000000000000000000000000000000000000000000000000000000000000000000000000011111000000000000000000000111000110000000000000000000110000001010000000000000000010000000011000000000000000001000000001000000000000000000100000001100000000000000000110000001110000000000000000001000001111000000000000000000100001101000000000000000000011011100100000000000000000000111000010000000000000000000000000011000000000000000000000000001000000000000000000000000000100000000000000000000000000010000000000000000000000000001000000000000000000000000000100000000000000000000000000100000000000000000000000000010000000000000000000000000001000000000000000000000000000100000000000000000000000000010000000000000000000000000000000000000000000000000000000000000000000000
9
0000000000000000000000000000000000000000000000000000000000000000000111000000000000000000000000110111000000000000000000000110000110000000000000000000010000001000000000000000000010000000100000000000000000001000000001000000000000000001100000000100000000000000000100000000110000000000000000010000000111000000000000000001000000111000000000000000000110000110100000000000000000001111100110000000000000000000000000010000000000000000000000000001000000000000000000000000000100000000000000000000000000110000000000000000000000000010000000000000000000000000001000000000000000000000000000100000000000000000000000000110000000000000000000000000010000000000000000000000000001000000000000000000000000000100000000000000000000000000010000000000000000000000000000000000000000000000000000000000000000000000
9
0000000000000000000000000000000000000000000000000000000000000000000000000000000000000000000000011111000000000000000000000011000100000000000000000000011000011000000000000000000001000000100000000000000000001100000010110000000000000000100000000011000000000000000010000000011000000000000000001000000001100000000000000000100000001100000000000000000011000001100000000000000000000110001110000000000000000000001111011000000000000000000000000001000000000000000000000000000100000000000000000000000000110000000000000000000000000010000000000000000000000000011000000000000000000000000001000000000000000000000000000100000000000000000000000000110000000000000000000000000011000000000000000000000000001000000000000000000000000000000000000000000000000000000000000000000000000000000000000000000000000000
9
0000000000000000000000000000000000000000000000000000000000000000000000000000000000000000000000000111100000000000000000000000110010000000000000000000000110001000000000000000000000110000110000000000000000000110000011000000000000000000010000001000000000000000000001000001100000000000000000000100001100000000000000000000010001110000000000000000000001101111000000000000000000000011101000000000000000000000000000100000000000000000000000000010000000000000000000000000010000000000000000000000000001000000000000000000000000000100000000000000000000000000010000000000000000000000000011000000000000000000000000001000000000000000000000000000100000000000000000000000000010000000000000000000000000001000000000000000000000000000000000000000000000000000000000000000000000000000000000000000000000000000
9
0000000000000000000000000000000000000000000000000000000000000000000000000000000000000000000000011110000000000000000000000011101110000000000000000000011000001000000000000000000001000000110000000000000000001100000001000000000000000000100000001100000000000000000010000001100000000000000000001000001110000000000000000000100001101000000000000000000011001101100000000000000000000111100100000000000000000000000000010000000000000000000000000001000000000000000000000000001100000000000000000000000000100000000000000000000000000010000000000000000000000000001000000000000000000000000001100000000000000000000000000100000000000000000000000000010000000000000000000000000001000000000000000000000000000100000000000000000000000000010000000000000000000000000001000000000000000000000000000000000000000000
9
0000000000000000000000000000000000000000000000000000000000000000000000000000000000000000000000111100000000000000000000000110001000000000000000000000110000010000000000000000000110000001011000000000000000010000000101100000000000000001000000001100000000000000000100000001110000000000000000010000011010000000000000000001000111001000000000000000000111110000100000000000000000000000000010000000000000000000000000011000000000000000000000000001000000000000000000000000000100000000000000000000000000010000000000000000000000000001000000000000000000000000001000000000000000000000000000100000000000000000000000000010000000000000000000000000001000000000000000000000000000100000000000000000000000000010000000000000000000000000000000000000000000000000000000000000000000000000000000000000000000000000
9
0000000000000000000000000000000000000000000000000000000000000000000000000000000000000000000000001111000000000000000000000011101100000000000000000000110000010000000000000000000110000001000000000000000000010000000110000000000000000001000000001000000000000000000100000001100000000000000000010000001110000000000000000001000011110000000000000000000111111001000000000000000000001110000100000000000000000000000000110000000000000000000000000010000000000000000000000000001000000000000000000000000000100000000000000000000000000010000000000000000000000000011000000000000000000000000001000000000000000000000000000100000000000000000000000000010000000000000000000000000001000000000000000000000000000100000000000000000000000000000000000000000000000000000000000000000000000000000000000000000000000000
9
0000000000000000000000000000000000000000000000000000000000000000000000000000000000000000000000111100000000000000000000000110001000000000000000000000110000110000000000000000000110000001010000000000000000010000000111000000000000000001000000011000000000000000001100000001100000000000000000110000011110000000000000000001000011010000000000000000000111111001000000000000000000000110000100000000000000000000000000110000000000000000000000000010000000000000000000000000001000000000000000000000000000100000000000000000000000000110000000000000000000000000010000000000000000000000000001000000000000000000000000000100000000000000000000000000010000000000000000000000000001000000000000000000000000000100000000000000000000000000000000000000000000000000000000000000000000000000000000000000000000000000
9
0000000000000000000000000000000000000000000000000000000000000000000010000000000000000000000001111110000000000000000000001100001100000000000000000001100000010000000000000000000100000001100000000000000000010000000010000000000000000001000000011000000000000000001100000001100000000000000000110000001100000000000000000001000001110000000000000000000100001101000000000000000000011111100100000000000000000000000000010000000000000000000000000011000000000000000000000000001000000000000000000000000000100000000000000000000000000010000000000000000000000000011000000000000000000000000001100000000000000000000000000100000000000000000000000000010000000000000000000000000001000000000000000000000000000100000000000000000000000000010000000000000000000000000000000000000000000000000000000000000000000000
9
0000000000000000000000000000000000000000000000000000000000000000000000000000000000000000000001111110000000000000000000001100001100000000000000000001100000010000000000000000000100000001000000000000000000110000000110000000000000000010000000011000000000000000001000000001100000000000000001100000001100000000000000000110000001110000000000000000011000011101000000000000000000110111000100000000000000000001110000110000000000000000000000000010000000000000000000000000001000000000000000000000000000100000000000000000000000000010000000000000000000000000010000000000000000000000000001000000000000000000000000000100000000000000000000000000010000000000000000000000000001000000000000000000000000000100000000000000000000000000000000000000000000000000000000000000000000000000000000000000000000000000
9
0000000000000000000000000000000000000000000000000000000000000000000000000000000000000000000001111100000000000000000000011100011000000000000000000011000000110000000000000000011000000001000000000000000001000000000101100000000000000100000000000100000000000000010000000000110000000000000001000000000110000000000000000110000001111000000000000000001100111101100000000000000000011110000100000000000000000000000000010000000000000000000000000011000000000000000000000000001000000000000000000000000000100000000000000000000000000010000000000000000000000000011000000000000000000000000001000000000000000000000000000100000000000000000000000000110000000000000000000000000010000000000000000000000000001000000000000000000000000000100000000000000000000000000000000000000000000000000000000000000000000000
9
0000000000000000000000000000000000000000000000000000000000000000000000000000000000000000000000011111000000000000000000000111000110000000000000000000110000001000000000000000000110000000100000000000000000010000000010000000000000000001000000011000000000000000000100000011000000000000000000010000011100000000000000000001001111110000000000000000000111100010000000000000000000000000001000000000000000000000000000100000000000000000000000000010000000000000000000000000011000000000000000000000000001000000000000000000000000000100000000000000000000000000010000000000000000000000000011000000000000000000000000001000000000000000000000000000100000000000000000000000000010000000000000000000000000001000000000000000000000000000100000000000000000000000000000000000000000000000000000000000000000000000
9
0000000000000000000000000000000000000000000000000000000000000000000000000000000000000000000000011110000000000000000000000111001100000000000000000000110000010000000000000000000110000001100000000000000000010000000100000000000000000001000000011100000000000000000100000000100000000000000000010000000110000000000000000001000001111000000000000000000100011101000000000000000000011111000100000000000000000000110000010000000000000000000000000011000000000000000000000000001000000000000000000000000000100000000000000000000000000010000000000000000000000000011000000000000000000000000001000000000000000000000000000100000000000000000000000000010000000000000000000000000001000000000000000000000000000100000000000000000000000000000000000000000000000000000000000000000000000000000000000000000000000000
9
0000000000000000000000000000000000000000000000000000000000000000000000100000000000000000000000011111000000000000000000000111000110000000000000000000110000011000000000000000000010000000100000000000000000011000000001000000000000000001000000001100000000000000000100000001110000000000000000010000000110000000000000000001000001101000000000000000000110001100100000000000000000001011100110000000000000000000111000010000000000000000000000000001000000000000000000000000000100000000000000000000000000010000000000000000000000000010000000000000000000000000001000000000000000000000000000100000000000000000000000000010000000000000000000000000001000000000000000000000000001100000000000000000000000000110000000000000000000000000000000000000000000000000000000000000000000000000000000000000000000000000
9
0000000000000000000000000000000000000000000000000000000000000000000011000000000000000000000000111110000000000000000000000110001100000000000000000000110000010000000000000000000010000001000000000000000000001000000110000000000000000000100000011000000000000000000010000001100000000000000000001000001110000000000000000000100001110000000000000000000011111101000000000000000000000010000100000000000000000000000000010000000000000000000000000011000000000000000000000000001000000000000000000000000000100000000000000000000000000010000000000000000000000000001000000000000000000000000001100000000000000000000000000100000000000000000000000000010000000000000000000000000001000000000000000000000000000100000000000000000000000000010000000000000000000000000000000000000000000000000000000000000000000000
9
0000000000000000000000000000000000000000000000000000000000000000000000000000000000000000000000111111000000000000000000001110000100000000000000000001100000010000000000000000000100000001000000000000000000110000000001000000000000000010000000001100000000000000001000000000110000000000000000100000001110000000000000000011000001111000000000000000000100111001000000000000000000011110000100000000000000000000000000010000000000000000000000000011000000000000000000000000001000000000000000000000000000100000000000000000000000000010000000000000000000000000011000000000000000000000000001000000000000000000000000000100000000000000000000000000010000000000000000000000000001000000000000000000000000001100000000000000000000000000100000000000000000000000000010000000000000000000000000000000000000000000
9
0000000000000000000000000000000000000000000000000000000000000000000000000000000000000000000000011111000000000000000000000111000100000000000000000000110000011000000000000000000110000000100000000000000000010000000010000000000000000011000000001100000000000000001000000000010000000000000000100000000111000000000000000010000000111100000000000000001000000110100000000000000000110011100110000000000000000001111000010000000000000000000000000001000000000000000000000000000100000000000000000000000000110000000000000000000000000010000000000000000000000000001000000000000000000000000001100000000000000000000000000100000000000000000000000000010000000000000000000000000001000000000000000000000000000100000000000000000000000000110000000000000000000000000000000000000000000000000000000000000000000000
9
0000000000000000000000000000000000000000000000000000000000000000000000000000000000000000000000011100000000000000000000001111011100000000000000000001100000010000000000000000000100000001000000000000000000110000000110000000000000000010000000111000000000000000001000000111000000000000000000100000110100000000000000000011001110110000000000000000000111100010000000000000000000000000001000000000000000000000000000100000000000000000000000000110000000000000000000000000010000000000000000000000000001000000000000000000000000000100000000000000000000000000010000000000000000000000000011000000000000000000000000001000000000000000000000000000100000000000000000000000000010000000000000000000000000000000000000000000000000000000000000000000000000000000000000000000000000000000000000000000000000000000
9
0000000000000000000000000000000000000000000000000000000000000000011110000000000000000000000111001110000000000000000000110000001000000000000000000010000000110000000000000000011000000001000000000000000001100000001100000000000000000010000001110000000000000000001000011010000000000000000000111111001000000000000000000000000000100000000000000000000000000010000000000000000000000000011000000000000000000000000001000000000000000000000000000100000000000000000000000000010000000000000000000000000001000000000000000000000000000100000000000000000000000000010000000000000000000000000001000000000000000000000000000100000000000000000000000000010000000000000000000000000001000000000000000000000000000100000000000000000000000000000000000000000000000000000000000000000000000000000000000000000000000000
9
0000000000000000000000000000000000000000000000000000000000000000000000000000000000000000000000011110000000000000000000000011001110000000000000000000011000001000000000000000000011000000100000000000000000011000000011100000000000000001000000000100000000000000000100000000110000000000000000010000000111000000000000000001000000111100000000000000000100000110100000000000000000011101110010000000000000000000011100010000000000000000000000000001000000000000000000000000000100000000000000000000000000100000000000000000000000000010000000000000000000000000001000000000000000000000000001000000000000000000000000000100000000000000000000000000010000000000000000000000000001000000000000000000000000001100000000000000000000000000000000000000000000000000000000000000000000000000000000000000000000000000
9
0000000000000000000000000000000000000000000000000000000000000000000000000000000000000000000000111110000000000000000000000110001100000000000000000000110000010000000000000000000010000001010000000000000000011000000011000000000000000001000000111000000000000000000100001111100000000000000000010011100100000000000000000001111000010000000000000000000000000011000000000000000000000000001000000000000000000000000000100000000000000000000000000010000000000000000000000000011000000000000000000000000001000000000000000000000000000100000000000000000000000000010000000000000000000000000011000000000000000000000000001000000000000000000000000000100000000000000000000000000010000000000000000000000000001000000000000000000000000000000000000000000000000000000000000000000000000000000000000000000000000000
9
0000000000000000000000000000000000000000000000000000000000000000000111000000000000000000000000110110000000000000000000000110001100000000000000000000110000011000000000000000000110000000100000000000000000010000000011000000000000000001000000011100000000000000000100000011100000000000000000010000111010000000000000000001101110011000000000000000000111100001000000000000000000000000000100000000000000000000000000110000000000000000000000000010000000000000000000000000001000000000000000000000000001100000000000000000000000000100000000000000000000000000010000000000000000000000000001000000000000000000000000000100000000000000000000000000010000000000000000000000000001000000000000000000000000000000000000000000000000000000000000000000000000000000000000000000000000000000000000000000000000000000
9
0000000000000000000000000000000000000000000000000000000000000000000000000000000000000000000000111110000000000000000000000110001100000000000000000000110000010000000000000000000110000001000000000000000000010000000111000000000000000001000000011000000000000000000100000011100000000000000000010000011110000000000000000001100111010000000000000000000011110001000000000000000000000000001100000000000000000000000000100000000000000000000000000010000000000000000000000000011000000000000000000000000001000000000000000000000000000100000000000000000000000000010000000000000000000000000011000000000000000000000000001000000000000000000000000000100000000000000000000000000010000000000000000000000000001000000000000000000000000000000000000000000000000000000000000000000000000000000000000000000000000000
9
0000000000000000000000000000000000000000000000000000000000000000000000000000000000000000000001111110000000000000000000001100001100000000000000000001100000011000000000000000001100000000100000000000000000100000000010000000000000000010000000111000000000000000011000000111100000000000000001000001110100000000000000000110011100010000000000000000001111000001000000000000000000000000001100000000000000000000000000100000000000000000000000000010000000000000000000000000011000000000000000000000000001000000000000000000000000000100000000000000000000000000010000000000000000000000000001000000000000000000000000001100000000000000000000000000100000000000000000000000000010000000000000000000000000001000000000000000000000000000000000000000000000000000000000000000000000000000000000000000000000000000
9
0000000000000000000000000000000000000000000000000000000000000000000000000000000000000000000000111110000000000000000000001110000100000000000000000001100000010000000000000000001100000001000000000000000000100000000011000000000000000010000000001100000000000000001000000001100000000000000000110000001110000000000000000001100001111000000000000000000011111101000000000000000000000000000100000000000000000000000000010000000000000000000000000001000000000000000000000000001100000000000000000000000000100000000000000000000000000010000000000000000000000000001000000000000000000000000000100000000000000000000000000010000000000000000000000000001000000000000000000000000000100000000000000000000000000010000000000000000000000000000000000000000000000000000000000000000000000000000000000000000000000000
9
0000000000000000000000000000000000000000000000000000000000000000000001000000000000000000000000011110000000000000000000000111001000000000000000000000110000110000000000000000000010000000000000000000000000011000000001100000000000000001000000000100000000000000000100000000110000000000000000010000000111000000000000000001000001101000000000000000000110111100100000000000000000001110000110000000000000000000000000010000000000000000000000000001000000000000000000000000001100000000000000000000000000100000000000000000000000000010000000000000000000000000001000000000000000000000000001100000000000000000000000000100000000000000000000000000010000000000000000000000000001000000000000000000000000000100000000000000000000000000000000000000000000000000000000000000000000000000000000000000000000000000
9
0000000000000000000000000000000000000000000000000000000000000000000000000000000000000000000000000111100000000000000000000001110010000000000000000000011100001000000000000000000011000000011000000000000000011000000001000000000000000001000000001100000000000000000100000001110000000000000000010000001110000000000000000001000001101000000000000000000100011000100000000000000000011111000010000000000000000001110000001000000000000000000000000001100000000000000000000000000100000000000000000000000000010000000000000000000000000001000000000000000000000000000100000000000000000000000000110000000000000000000000000010000000000000000000000000001000000000000000000000000000100000000000000000000000000010000000000000000000000000000000000000000000000000000000000000000000000000000000000000000000000000
9
0000000000000000000000000000000000000000000000000000000000000000000000000000000000000000000000011110000000000000000000000111001000000000000000000000110000111000000000000000000110000000100000000000000000010000000110000000000000000001000000110000000000000000000100000111000000000000000000010000110100000000000000000001001110010000000000000000000111100011000000000000000000000000001000000000000000000000000000100000000000000000000000000010000000000000000000000000011000000000000000000000000001000000000000000000000000000100000000000000000000000000010000000000000000000000000001000000000000000000000000000100000000000000000000000000010000000000000000000000000001000000000000000000000000001100000000000000000000000000000000000000000000000000000000000000000000000000000000000000000000000000
9
0000000000000000000000000000000000000000000000000000000000000000000011100000000000000000000000111011000000000000000000001110000100000000000000000000110000010000000000000000000110000011110000000000000000010000000010000000000000000001000000011000000000000000000100000011000000000000000000010000011100000000000000000001000011010000000000000000000110011011000000000000000000001111001000000000000000000000000000100000000000000000000000000010000000000000000000000000001000000000000000000000000000100000000000000000000000000110000000000000000000000000010000000000000000000000000001000000000000000000000000000100000000000000000000000000010000000000000000000000000001000000000000000000000000000100000000000000000000000000010000000000000000000000000000000000000000000000000000000000000000000000
9
0000000000000000000000000000000000000000000000000000000000000000000000000000000000000000000000111110000000000000000000001110001000000000000000000001100000100000000000000000000100000000000000000000000000110000001100000000000000000010000001100000000000000000001000011110000000000000000000100011101000000000000000000011110001100000000000000000001100000100000000000000000000000000010000000000000000000000000001000000000000000000000000000100000000000000000000000000010000000000000000000000000010000000000000000000000000001000000000000000000000000000100000000000000000000000000010000000000000000000000000001000000000000000000000000000100000000000000000000000000010000000000000000000000000001000000000000000000000000000000000000000000000000000000000000000000000000000000000000000000000000000
9
0000000000000000000000000000000000000000000000000000000000000000000011000000000000000000000000111110000000000000000000001110001100000000000000000000100000010000000000000000000110000001000000000000000000010000001100000000000000000001000001100000000000000000000100001110000000000000000000010001111000000000000000000001011101000000000000000000000111000100000000000000000000000000010000000000000000000000000001000000000000000000000000001100000000000000000000000000100000000000000000000000000010000000000000000000000000001000000000000000000000000000100000000000000000000000000010000000000000000000000000011000000000000000000000000001000000000000000000000000000100000000000000000000000000010000000000000000000000000001000000000000000000000000000100000000000000000000000000000000000000000000
9
0000000000000000000000000000000000000000000000000000000000000000000000000000000000000000000000111110000000000000000000001110001100000000000000000001100000010000000000000000001100000001100000000000000000100000000110000000000000000010000000111000000000000000001000000111000000000000000000110000110100000000000000000001111100010000000000000000000000000010000000000000000000000000001000000000000000000000000000100000000000000000000000000110000000000000000000000000010000000000000000000000000001000000000000000000000000000100000000000000000000000000010000000000000000000000000011000000000000000000000000001000000000000000000000000000100000000000000000000000000000000000000000000000000000000000000000000000000000000000000000000000000000000000000000000000000000000000000000000000000000000000
9
0000000000000000000000000000000000000000000000000000000000000000000000000000000000000000000000000000000000000000000000000111111000000000000000000000110000110000000000000000000110000001000000000000000000010000000111000000000000000001000000011000000000000000000100000011100000000000000000010000011100000000000000000001110111010000000000000000000001110011000000000000000000000000001000000000000000000000000001100000000000000000000000000100000000000000000000000000010000000000000000000000000001000000000000000000000000001100000000000000000000000000100000000000000000000000000010000000000000000000000000001000000000000000000000000000100000000000000000000000000010000000000000000000000000000000000000000000000000000000000000000000000000000000000000000000000000000000000000000000000000000000
9
0000000000000000000000000000000000000000000000000000000000000000000000000000000000000000000000001110000000000000000000000011101100000000000000000000011000010000000000000000000011000001000000000000000000011000000110000000000000000001000000001000000000000000000100000001100000000000000000010000001110000000000000000001100011011000000000000000000011111001000000000000000000000110000100000000000000000000000000010000000000000000000000000001000000000000000000000000001100000000000000000000000000100000000000000000000000000010000000000000000000000000001000000000000000000000000001100000000000000000000000000100000000000000000000000000010000000000000000000000000011000000000000000000000000001000000000000000000000000000100000000000000000000000000000000000000000000000000000000000000000000000
9
0000000000000000000000000000000000000000000000000000000000000000001110000000000000000000000011001110000000000000000000001100001100000000000000000001100000010000000000000000000100000001100000000000000000010000000010000000000000000001000000011000000000000000000100000011000000000000000000010000011100000000000000000001100011010000000000000000000011111011000000000000000000000000001000000000000000000000000000100000000000000000000000000010000000000000000000000000001000000000000000000000000000100000000000000000000000000010000000000000000000000000001000000000000000000000000001100000000000000000000000000100000000000000000000000000010000000000000000000000000001100000000000000000000000000000000000000000000000000000000000000000000000000000000000000000000000000000000000000000000000000000
9
0000000000000000000000000000000000000000000000000000000000000000000000000000000000000000000001111100000000000000000000011000011000000000000000000011000000110000000000000000011000000001100000000000000001000000000010000000000000001100000000011000000000000000100000000001000000000000000010000000001100000000000000001100000011110000000000000000011111111010000000000000000000000000001000000000000000000000000000100000000000000000000000000010000000000000000000000000011000000000000000000000000001000000000000000000000000000100000000000000000000000000010000000000000000000000000001000000000000000000000000001100000000000000000000000000100000000000000000000000000010000000000000000000000000001000000000000000000000000000000000000000000000000000000000000000000000000000000000000000000000000000
9
0000000000000000000000000000000000000000000000000000000000000000000000000000000000000000000000001111000000000000000000000011100110000000000000000000011000011000000000000000000011000000100000000000000000001000000011000000000000000001100000001100000000000000000100000001100000000000000000010000001110000000000000000001000001111000000000000000000100011101000000000000000000011011000100000000000000000000111000110000000000000000000000000010000000000000000000000000001000000000000000000000000000100000000000000000000000000010000000000000000000000000001000000000000000000000000001100000000000000000000000000100000000000000000000000000010000000000000000000000000001000000000000000000000000000000000000000000000000000000000000000000000000000000000000000000000000000000000000000000000000000000
9
0000000000000000000000000000000000000000000000000000000000000000000000000000000000000000000000001110000000000000000000000001101100000000000000000000011000010000000000000000000001000001100000000000000000001100000100000000000000000000100000110000000000000000000010001101000000000000000000001011100100000000000000000000111000110000000000000000000000000010000000000000000000000000001000000000000000000000000000100000000000000000000000000110000000000000000000000000010000000000000000000000000001000000000000000000000000000100000000000000000000000000010000000000000000000000000001000000000000000000000000000100000000000000000000000000010000000000000000000000000011000000000000000000000000001000000000000000000000000000000000000000000000000000000000000000000000000000000000000000000000000000
9
0000000000000000000000000000000000000000000000000000000000000000000000000000000000000000000000000110000000000000000000000001111110000000000000000000001100011000000000000000000001100000100000000000000000001100000010000000000000000000100000011000000000000000000010000011100000000000000000001000011110000000000000000000100011010000000000000000000010111001000000000000000000001110000100000000000000000000000000010000000000000000000000000011000000000000000000000000001000000000000000000000000000100000000000000000000000000010000000000000000000000000001000000000000000000000000001100000000000000000000000000100000000000000000000000000010000000000000000000000000001000000000000000000000000000100000000000000000000000000000000000000000000000000000000000000000000000000000000000000000000000000
9
0000000000000000000000000000000000000000000000000000000000000000000000000000000000000000000000111110000000000000000000001110001100000000000000000001100000010000000000000000001100000001000000000000000001100000000110000000000000000100000000011000000000000000110000000001100000000000000010000000001100000000000000001100000001110000000000000000010000011111000000000000000001111111001000000000000000000001000000100000000000000000000000000010000000000000000000000000001000000000000000000000000001100000000000000000000000000100000000000000000000000000010000000000000000000000000001000000000000000000000000000100000000000000000000000000110000000000000000000000000010000000000000000000000000001000000000000000000000000000100000000000000000000000000000000000000000000000000000000000000000000000
9
0000000000000000000000000000000000000000000000000000000000000000000000000000000000000000000000000100000000000000000000000011111100000000000000000000011000010000000000000000000011000001100000000000000000011000000110000000000000000001000000011000000000000000001100000001000000000000000000100000001100000000000000000010000001110000000000000000001100011110000000000000000000011111001000000000000000000000100000100000000000000000000000000100000000000000000000000000010000000000000000000000000001000000000000000000000000001100000000000000000000000000100000000000000000000000000010000000000000000000000000001000000000000000000000000000100000000000000000000000000010000000000000000000000000001000000000000000000000000000100000000000000000000000000000000000000000000000000000000000000000000000
9
0000000000000000000000000000000000000000000000000000000000000000000000000000000000000000000000011110000000000000000000000111001100000000000000000000110000010000000000000000000110000001000000000000000000010000001110000000000000000011000000011000000000000000001000000001100000000000000000100000001100000000000000000010000001110000000000000000001100001110000000000000000000010001101000000000000000000001111000100000000000000000000000000010000000000000000000000000011000000000000000000000000001000000000000000000000000000100000000000000000000000000010000000000000000000000000001000000000000000000000000000100000000000000000000000000110000000000000000000000000011000000000000000000000000000100000000000000000000000000000000000000000000000000000000000000000000000000000000000000000000000000
9
0000000000000000000000000000000000000000000000000000000000000000000111000000000000000000000000110110000000000000000000000110000100000000000000000000110000010000000000000000000010000001100000000000000000011000000100000000000000000001000000110000000000000000000100000110000000000000000000110000111000000000000000000011001100100000000000000000000111100010000000000000000000000000011000000000000000000000000001000000000000000000000000000100000000000000000000000000010000000000000000000000000001000000000000000000000000001100000000000000000000000000100000000000000000000000000010000000000000000000000000001000000000000000000000000000100000000000000000000000000000000000000000000000000000000000000000000000000000000000000000000000000000000000000000000000000000000000000000000000000000000000
9
0000000000000000000000000000000000000000000000000000000000000000011111000000000000000000000011000111000000000000000000011000000110000000000000000001000000001000000000000000001100000001100000000000000000100000001110000000000000000110000000110000000000000000010000000111000000000000000001000001110100000000000000000100001100110000000000000000010011100010000000000000000001111000001000000000000000000000000000100000000000000000000000000010000000000000000000000000001000000000000000000000000001100000000000000000000000000100000000000000000000000000010000000000000000000000000001000000000000000000000000000100000000000000000000000000000000000000000000000000000000000000000000000000000000000000000000000000000000000000000000000000000000000000000000000000000000000000000000000000000000000000
9
0000000000000000000000000000000000000000000000000000000000000000000110000000000000000000000001111100000000000000000000001100001100000000000000000000100000010000000000000000000110000001110000000000000000010000000011000000000000000001000000011000000000000000001100000011100000000000000000100000011110000000000000000010000111010000000000000000001100110001000000000000000000011110000100000000000000000000000000110000000000000000000000000010000000000000000000000000001000000000000000000000000000100000000000000000000000000010000000000000000000000000011000000000000000000000000001000000000000000000000000000100000000000000000000000000010000000000000000000000000001000000000000000000000000000000000000000000000000000000000000000000000000000000000000000000000000000000000000000000000000000000
9
0000000000000000000000000000000000000000000000000000000000000000000000000000000000000000000000111100000000000000000000000110011000000000000000000000110000110000000000000000000110000001110000000000000000010000000110000000000000000011000000011000000000000000001000000011100000000000000000100000011100000000000000000010000011010000000000000000001000110001000000000000000000111110001100000000000000000001100000100000000000000000000000000010000000000000000000000000001000000000000000000000000001100000000000000000000000000100000000000000000000000000010000000000000000000000000001000000000000000000000000000100000000000000000000000000010000000000000000000000000001000000000000000000000000000100000000000000000000000000010000000000000000000000000000000000000000000000000000000000000000000000
9
0000000000000000000000000000000000000000000000000000000000000000001111100000000000000000000001100011000000000000000000001100000100000000000000000001100000011110000000000000001100000000110000000000000000100000000111000000000000000010000000111000000000000000011000000110100000000000000001000001110110000000000000000100001100010000000000000000011011100001000000000000000000111000000100000000000000000000000000110000000000000000000000000010000000000000000000000000001000000000000000000000000000100000000000000000000000000010000000000000000000000000011000000000000000000000000001000000000000000000000000000100000000000000000000000000010000000000000000000000000001000000000000000000000000000100000000000000000000000000000000000000000000000000000000000000000000000000000000000000000000000000
9
0000000000000000000000000000000000000000000000000000000000000000000011000000000000000000000000111111000000000000000000000010000110000000000000000000011000001100000000000000000011000000110000000000000000001000000011000000000000000000100000011000000000000000000010000001100000000000000000001000011110000000000000000000100011011000000000000000000011111001000000000000000000000110000100000000000000000000000000010000000000000000000000000011000000000000000000000000001000000000000000000000000000100000000000000000000000000010000000000000000000000000001000000000000000000000000001100000000000000000000000000100000000000000000000000000010000000000000000000000000001000000000000000000000000000100000000000000000000000000010000000000000000000000000000000000000000000000000000000000000000000000
9
0000000000000000000000000000000000000000000000000000000000000000000111100000000000000000000000110011000000000000000000000110000100010000000000000000110000011011000000000000000010000000101000000000000000001000000011100000000000000000100000001100000000000000000100000001110000000000000000010000001110000000000000000001000001101000000000000000000110011101100000000000000000001111000100000000000000000000010000010000000000000000000000000011000000000000000000000000001000000000000000000000000000100000000000000000000000000110000000000000000000000000010000000000000000000000000001000000000000000000000000000100000000000000000000000000110000000000000000000000000010000000000000000000000000001000000000000000000000000000000000000000000000000000000000000000000000000000000000000000000000000000
9
0000000000000000000000000000000000000001100000000000000000000000001111100000000000000000000001100011000000000000000000001100000101000000000000000000100000011100000000000000000110000001100000000000000000010000000110000000000000000001000000111000000000000000000100000111000000000000000000011001100100000000000000000000111100010000000000000000000000000001000000000000000000000000001100000000000000000000000000100000000000000000000000000010000000000000000000000000001000000000000000000000000000100000000000000000000000000010000000000000000000000000001000000000000000000000000000100000000000000000000000000010000000000000000000000000011000000000000000000000000001100000000000000000000000000100000000000000000000000000011000000000000000000000000000000000000000000000000000000000000000000000
9
0000000000000000000000000000000000000000000000000000000000000000000110000000000000000000000000111100000000000000000000000100011000000000000000000000110000100100000000000000000110000010110000000000000000010000001011000000000000000001000000011000000000000000001100000001100000000000000000100000001100000000000000000010000001110000000000000000001000001111000000000000000000110001101000000000000000000001111000100000000000000000000010000010000000000000000000000000001000000000000000000000000001100000000000000000000000000100000000000000000000000000010000000000000000000000000001000000000000000000000000000100000000000000000000000000010000000000000000000000000001000000000000000000000000000100000000000000000000000000000000000000000000000000000000000000000000000000000000000000000000000000
9
0000000000000000000000000000000000000000000000000000000000000000000000000000000000000000000000011110000000000000000000000011001100000000000000000000011000010110000000000000000010000001010000000000000000011000000011000000000000000001000000011100000000000000000100000011100000000000000000010000011010000000000000000001000011001000000000000000000100111001000000000000000000011110000100000000000000000000000000010000000000000000000000000001000000000000000000000000000100000000000000000000000000110000000000000000000000000010000000000000000000000000001000000000000000000000000000100000000000000000000000000010000000000000000000000000011000000000000000000000000001000000000000000000000000000100000000000000000000000000010000000000000000000000000000000000000000000000000000000000000000000000
9
0000000000000000000000000000000000000000000000000000000000000000000000000000000000000000000000011110000000000000000000000011001000000000000000000000011000100000000000000000000011000011110000000000000000011000001010000000000000000011000000011000000000000000001000000001100000000000000000100000001110000000000000000010000001110000000000000000001000011001000000000000000000110011000100000000000000000001110000010000000000000000000000000011000000000000000000000000001000000000000000000000000000100000000000000000000000000010000000000000000000000000001000000000000000000000000000100000000000000000000000000110000000000000000000000000010000000000000000000000000001000000000000000000000000000100000000000000000000000000010000000000000000000000000000000000000000000000000000000000000000000000
9
0000000000000000000000000000000000000000000000000000000000000000000000000000000000000000000000011000000000000000000000000011111000000000000000000000110000100000000000000000000010000001001000000000000000011000000101100000000000000001000000001100000000000000001100000001110000000000000000100000001101000000000000000011000011101000000000000000000100011000100000000000000000011110000010000000000000000000000000011000000000000000000000000001000000000000000000000000000100000000000000000000000000010000000000000000000000000011000000000000000000000000001000000000000000000000000000100000000000000000000000000010000000000000000000000000001000000000000000000000000001100000000000000000000000000110000000000000000000000000000000000000000000000000000000000000000000000000000000000000000000000000
9
0000000000000000000000000000000000000000000000000000000000000000000000000000000000000000000000001110000000000000000000000011101100000000000000000000011000010110000000000000000011000001010000000000000000001000000111000000000000000001100000001000000000000000000100000001100000000000000000110000001110000000000000000010000001110000000000000000001100011101000000000000000000010011000100000000000000000001111000010000000000000000000000000010000000000000000000000000001000000000000000000000000000100000000000000000000000000010000000000000000000000000001000000000000000000000000001100000000000000000000000000100000000000000000000000000010000000000000000000000000001000000000000000000000000000100000000000000000000000000010000000000000000000000000000000000000000000000000000000000000000000000
9
0000000000000000000000000000000000000000000000000000000000000000000011000000000000000000000000011110000000000000000000000011001100000000000000000000011000010100000000000000000011000001110000000000000000001000000110000000000000000001100000111000000000000000000100000111100000000000000000010000110100000000000000000001000110010000000000000000000110110001000000000000000000001100000100000000000000000000000000110000000000000000000000000010000000000000000000000000001000000000000000000000000000100000000000000000000000000010000000000000000000000000011000000000000000000000000001000000000000000000000000000100000000000000000000000000010000000000000000000000000001000000000000000000000000000000000000000000000000000000000000000000000000000000000000000000000000000000000000000000000000000000
9
0000000000000000000000000000000000000000000000000000000000000000000000000000000000000000000000000000000000000000000000000001111000000000000000000000001100110000000000000000000001100011001000000000000000000100000001100000000000000000010000000100000000000000000001000000110000000000000000000100000111000000000000000000010000111100000000000000000001001110100000000000000000000111100010000000000000000000000000001000000000000000000000000001100000000000000000000000000100000000000000000000000000010000000000000000000000000001000000000000000000000000000100000000000000000000000000110000000000000000000000000010000000000000000000000000001000000000000000000000000000100000000000000000000000000010000000000000000000000000001000000000000000000000000000000000000000000000000000000000000000000000
9
0000000000000000000000000000000000000000000000000000000000000000000000000000000000000000000000111111000000000000000000000110000100000000000000000000110000011000000000000000000010000000110000000000000000011000000011000000000000000001000000001100000000000000000100000001100000000000000000010000001110000000000000000001000001101000000000000000000110011101100000000000000000001111000100000000000000000000010000010000000000000000000000000001000000000000000000000000001100000000000000000000000000100000000000000000000000000010000000000000000000000000001000000000000000000000000001100000000000000000000000000100000000000000000000000000010000000000000000000000000001000000000000000000000000000100000000000000000000000000110000000000000000000000000000000000000000000000000000000000000000000000
9
0000000000000000000000000000000000000000000000000000000000000000000000000000000000000000000000011110000000000000000000000111001100000000000000000000110000011000000000000000000010000000110000000000000000011000000110000000000000000001000000111000000000000000000100000011100000000000000000010000110100000000000000000001000110010000000000000000000111110001000000000000000000000000000100000000000000000000000000110000000000000000000000000010000000000000000000000000001000000000000000000000000000100000000000000000000000000010000000000000000000000000011000000000000000000000000001000000000000000000000000000100000000000000000000000000010000000000000000000000000001000000000000000000000000000100000000000000000000000000010000000000000000000000000000000000000000000000000000000000000000000000
9
0000000000000000000000000000000000000000000000000000000000000000000000000000000000000000000000111100000000000000000000000110011100000000000000000000110000011000000000000000000110000000100000000000000000110000000011000000000000000010000000001000000000000000001000000001100000000000000000100000001110000000000000000010000000101000000000000000001100001101100000000000000000011111100100000000000000000000011000010000000000000000000000000001000000000000000000000000000100000000000000000000000000010000000000000000000000000011000000000000000000000000001000000000000000000000000000100000000000000000000000000010000000000000000000000000001000000000000000000000000000100000000000000000000000000010000000000000000000000000000000000000000000000000000000000000000000000000000000000000000000000000
9
0000000000000000000000000000000000000000000000000000000000000000000000000000000000000000000000011110000000000000000000000111001100000000000000000000110000011000000000000000000010000000100000000000000000011000000011000000000000000001000000001000000000000000000100000001100000000000000000110000001100000000000000000010000001110000000000000000001000001111000000000000000000100011101000000000000000000011111000100000000000000000000000000010000000000000000000000000001000000000000000000000000001100000000000000000000000000100000000000000000000000000010000000000000000000000000001000000000000000000000000000100000000000000000000000000010000000000000000000000000001000000000000000000000000000100000000000000000000000000000000000000000000000000000000000000000000000000000000000000000000000000
9
0000000000000000000000000000000000000000000000000000000000000000000000000000000000000000000000011100000000000000000000000111011000000000000000000000110000110000000000000000000010000001100000000000000000011000000110000000000000000001000000011000000000000000000100000011000000000000000000010000011100000000000000000001000111110000000000000000000110110010000000000000000000001110001000000000000000000000000001100000000000000000000000000100000000000000000000000000010000000000000000000000000001000000000000000000000000001100000000000000000000000000100000000000000000000000000010000000000000000000000000001000000000000000000000000000100000000000000000000000000010000000000000000000000000001000000000000000000000000000000000000000000000000000000000000000000000000000000000000000000000000000
9
0000000000000000000000000000000000000000000000000000000000000000000010000000000000000000000001111110000000000000000000001100001000000000000000000001100000010000000000000000000100000001000000000000000000110000000100000000000000000010000000010000000000000000001000000011000000000000000000100000011100000000000000000010000011100000000000000000001100111010000000000000000000011110001000000000000000000000000000100000000000000000000000000110000000000000000000000000010000000000000000000000000001000000000000000000000000000100000000000000000000000000010000000000000000000000000001000000000000000000000000000100000000000000000000000000010000000000000000000000000011000000000000000000000000001100000000000000000000000000110000000000000000000000000010000000000000000000000000000000000000000000
9
0000000000000000000000000000000000000000000000000000000000000000000111100000000000000000000000110011000000000000000000001110000100000000000000000000100000011000000000000000000110000000100000000000000000010000000110000000000000000001000000110000000000000000000100000111000000000000000000010000110100000000000000000001101110110000000000000000000011100010000000000000000000000000001000000000000000000000000000100000000000000000000000000010000000000000000000000000001000000000000000000000000001000000000000000000000000000100000000000000000000000000010000000000000000000000000001000000000000000000000000000100000000000000000000000000010000000000000000000000000001000000000000000000000000001100000000000000000000000000000000000000000000000000000000000000000000000000000000000000000000000000
9
0000000000000000000000000000000000000000000000000000000000000000000000000000000000000000000000011111000000000000000000001110000100000000000000000001100000010000000000000000000100000001000000000000000000110000000101000000000000000010000000001100000000000000011000000001100000000000000001000000001110000000000000000100000001110000000000000000010000001101000000000000000001100001100100000000000000000011111000110000000000000000000000000010000000000000000000000000001000000000000000000000000000100000000000000000000000000010000000000000000000000000011000000000000000000000000001000000000000000000000000000100000000000000000000000000010000000000000000000000000001000000000000000000000000000100000000000000000000000000000000000000000000000000000000000000000000000000000000000000000000000000
9
0000000000000000000000000000000000000000000000000000000000000000000000000000000000000000000000011111000000000000000000000110000110000000000000000000110000001000000000000000000010000000010000000000000000011000000011000000000000000001000000001100000000000000000100000001100000000000000000010000001110000000000000000001000000111000000000000000000100001101000000000000000000001001100100000000000000000000111100110000000000000000000001000010000000000000000000000000001000000000000000000000000000100000000000000000000000000010000000000000000000000000010000000000000000000000000001000000000000000000000000000100000000000000000000000000010000000000000000000000000001000000000000000000000000000100000000000000000000000000000000000000000000000000000000000000000000000000000000000000000000000000
9
0000000000000000000000000000000000000000000000000000000000000000000000000000000000000000000000011100000000000000000000001110011100000000000000000001100000011000000000000000001100000000100000000000000001100000000011000000000000000100000000011000000000000000010000000001000000000000000001000000001100000000000000000100000001110000000000000000010000001111000000000000000001000011101000000000000000000011111000100000000000000000000000000010000000000000000000000000011000000000000000000000000001000000000000000000000000000100000000000000000000000000010000000000000000000000000011000000000000000000000000001000000000000000000000000000100000000000000000000000000010000000000000000000000000001000000000000000000000000000000000000000000000000000000000000000000000000000000000000000000000000000
9
0000000000000000000000000000000000000000000000000000000000000000000000000000000000000000000000000000000000000000000000000001111100000000000000000000011100011000000000000000000011000000110000000000000000001000000010000000000000000001000000011000000000000000000100000011100000000000000000010000011100000000000000000001000011010000000000000000000111110001000000000000000000001110001100000000000000000000000000100000000000000000000000000010000000000000000000000000001000000000000000000000000001100000000000000000000000000100000000000000000000000000010000000000000000000000000001000000000000000000000000000100000000000000000000000000010000000000000000000000000001000000000000000000000000000100000000000000000000000000110000000000000000000000000000000000000000000000000000000000000000000000
9
0000000000000000000000000000000000000000000000000000000000000000000000000000000000000000000000011110000000000000000000000111001100000000000000000000110000001000000000000000000110000000110000000000000000110000000011000000000000000010000000001000000000000000001000000001100000000000000001100000001110000000000000000100000000110000000000000000011000000111000000000000000000100000110100000000000000000010001110010000000000000000000111100011000000000000000000000000001000000000000000000000000000100000000000000000000000000010000000000000000000000000001000000000000000000000000000100000000000000000000000000110000000000000000000000000010000000000000000000000000000000000000000000000000000000000000000000000000000000000000000000000000000000000000000000000000000000000000000000000000000000000
9
0000000000000000000000000000000000000000000000000000000000000000000000000000000000000000000000000000000000000000000000000000011000000000000000000000001111110000000000000000000001100001000000000000000000001100000010000000000000000001100000011000000000000000000100000001000000000000000000110000001100000000000000000010000001110000000000000000001000001111000000000000000000110001101000000000000000000001111100100000000000000000000011000010000000000000000000000000011000000000000000000000000001000000000000000000000000000100000000000000000000000000010000000000000000000000000001000000000000000000000000001000000000000000000000000000100000000000000000000000000010000000000000000000000000001000000000000000000000000000100000000000000000000000000000000000000000000000000000000000000000000000
9
0000000000000000000000000000000000000000000000000000000000000000000000000000000000000000000000000000000000000000000000000011111000000000000000000000111000110000000000000000000010000001100000000000000000011000000010000000000000000001000000011000000000000000000100000011000000000000000000010000001100000000000000000001000011010000000000000000000100011011000000000000000000011111001000000000000000000000110000100000000000000000000000000010000000000000000000000000001000000000000000000000000001100000000000000000000000000100000000000000000000000000010000000000000000000000000001000000000000000000000000000100000000000000000000000000010000000000000000000000000001000000000000000000000000000000000000000000000000000000000000000000000000000000000000000000000000000000000000000000000000000000
9
0000000000000000000000000000000000000000000000000000000000000000000000000000000000000000000000000000000000000000000000000011111000000000000000000000111000110000000000000000000010000001000000000000000000011000000100000000000000000001000000110000000000000000001100000110000000000000000000100000111000000000000000000010000110100000000000000000001001110010000000000000000000111100011000000000000000000000000001000000000000000000000000000100000000000000000000000000010000000000000000000000000001000000000000000000000000000100000000000000000000000000110000000000000000000000000010000000000000000000000000001000000000000000000000000000100000000000000000000000000010000000000000000000000000001000000000000000000000000000000000000000000000000000000000000000000000000000000000000000000000000000